0.5913539859015249
0.6406467407136572
0.6495134787109302
0.6786258498773956
0.691897291313128
0.7035958431273379
0.722032774869114
0.7340401879577887
0.7442037541380254
0.7489736282699595
0.7565757482425874
0.7592680410324876
0.760402312437818
0.7633636567324162
0.7623278910987124
0.7648398322614807
0.7678766666104687
0.7685285068419654
0.7693240132639236
0.7687518822865707
0.7696455356217122
0.7708201672786927
0.771067083662965
0.7715485271050642
0.7736216096513243
0.774102411154898
0.773104793393122
0.7721965322547037
0.7748723968186426
0.7721075475550236
0.7739167837860425
0.7737459410366383
0.7753898463052142
0.7754436088744969
0.7763628056142589
0.7749875694745156
0.7783761330036422
0.7754694214229494
0.776151015548664
0.7782055219443975
0.7788358620258689
0.7789088853639698
0.7788759879743121
0.77824221696224
0.7783975007592905
0.7795009181776515
0.7800593123673668
0.7796253828283579
0.7769929566853365
0.7796743661348311
0.7792432456212571
0.7797888306549898
0.7796590258074024
0.7802006729794326
0.7800493732079137
0.7800027686451498
0.7805936656544386
0.7801059970635694
0.7805886390231875
0.7806547761116491
0.7799121568882567
0.7803401661339692
0.7813710967598626
0.7800042737601734
0.7806139620608512
0.7809491907207303
0.7809806718389596
0.7809343059344807
0.7787538637426268
0.7801986313187754
0.7812038042702016
0.7806712583405802
0.7804479917729298
0.7774209807383148
0.7803484721390996
0.7803275146318172
0.7797628830991132
0.7804553788565616
0.5771391178129934
0.616760078390432
0.6115423645997392
0.6818520717697515
0.6987862140996228
0.7090234011346889
0.7222681259077355
0.7371866988539696
0.7445755445503544
0.7500573833812927
0.7540798137342115
0.7609534458411692
0.7578914304300665
0.7651507473908212
0.7656323833273768
0.7672590660037291
0.7662602532084968
0.768480999907
0.7697929036286382
0.7612949684600534
0.7709181234394513
0.7728617216718792
0.7725951194631571
0.7726523033818684
0.7727912451835055
0.7732340660501542
0.7753937597784789
0.7755164388471261
0.7768876343453215
0.7768651760780935
0.7774000328122044
0.77741053464776
0.7776577193048488
0.7782044784676625
0.7784721816401519
0.7786826198894756
0.7788854750766487
0.7796531377416849
0.7776282920414956
0.7792824883598428
0.7791772165387347
0.7796215216160317
0.7802811104026501
0.7791786450043823
0.7791726646110071
0.7802947853481776
0.7802050864156739
0.7804094441048237
0.7799292017932902
0.7808573098940517
0.7792609768866141
0.7800079781896849
0.7816221931481847
0.7801486419892396
0.7797907599546297
0.7807065013753529
0.7804095129150592
0.781055292619742
0.7812213169106332
0.7814110772486942
0.781635348097376
0.7811738082336362
0.7816537483027433
0.7810473986050085
0.7807549211347078
0.7814827121878671
0.7802589918315213
0.7811599085660741
0.7815376619514653
0.7812185662432463
0.7801607194920858
0.7814410149272117
0.7815212032399566
0.7808055027548779
0.7810713088553063
0.7804473489633885
0.781502808260683
0.7808734724602433
0.5679679885935137
0.5943638736396988
0.6228506125642201
0.6349693945834736
0.6688989882919925
0.7050772116516403
0.7188255698611977
0.7288835506546967
0.7373322699556328
0.7476289281964774
0.7562384317582225
0.7579997943566917
0.7584307371830754
0.763442001105054
0.764861168660566
0.7576320602641924
0.7671415816723509
0.7678341174965186
0.7687909177234342
0.7674335252100651
0.7698419801337848
0.7714203588958619
0.7715460150959623
0.7724908536651116
0.7738295480857649
0.7721078175698717
0.7741491306917262
0.774665777101879
0.7742887153029048
0.7734670278928787
0.77301624245923
0.7762870133174424
0.7762254812886626
0.7749464627624632
0.7769901041091198
0.777056644477822
0.7772701460891469
0.777319929858992
0.7780198858653857
0.7766473289697471
0.7769362161135851
0.7781805717014272
0.7790467418801215
0.7786269132132875
0.7782265517459782
0.7786261388803846
0.7787107493395271
0.7788017643766609
0.7789112553975228
0.7798022599741072
0.7797411042240834
0.7802640489483196
0.778856791660651
0.7801971610443774
0.7792538345583768
0.7803189246755884
0.78027302999057
0.7807350976897867
0.7804636848616922
0.7805599355738302
0.7807185396824954
0.7795003807610024
0.7788511204778275
0.7804155211809349
0.7803570795156414
0.7805771015500376
0.7791162184425416
0.7804780923313717
0.7799188558695338
0.7794747972896627
0.7807831106848384
0.7809469626627266
0.7798406647956484
0.7807643437818871
0.7801970451992974
0.7803914985696199
0.7781035094638096
0.7805602264930535
0.7792455381344182
0.7776695616334726
0.7804488584334903
0.7802800852172435
0.7785988490894087
0.780505872504152
0.7804749183503843
0.7797867201840973
0.7780601529183626
0.58104343757429
0.6010628531748483
0.6629026466203881
0.6919769570164896
0.7033140451797832
0.7195505039830621
0.7299009936034249
0.7384608579839209
0.7465614262369623
0.6180074494344152
0.755434201243627
0.7595613215792072
0.7576668094330979
0.7644597584904279
0.7650516110038723
0.7674057537474411
0.768446181927859
0.7697392264188881
0.76905254033575
0.770926643714429
0.769396623740612
0.7719675901491517
0.7730982250641906
0.7731673044434797
0.7742733723624292
0.7742413468594257
0.7744641003988649
0.7755237301190376
0.7736524810586065
0.7764664538622161
0.7763167898580667
0.7768231844141521
0.7776723941763295
0.7771015592702468
0.7783826900093702
0.7774305392639338
0.7778967190279809
0.778625771311785
0.7789275878117639
0.7793538567682303
0.779786275095106
0.7779850626601508
0.7788701303941419
0.7791470097163851
0.7792838131746294
0.7801184090364207
0.7788918030052638
0.779809656638911
0.7808201636901084
0.779596022633209
0.7802424869561837
0.7806123916196548
0.7804514087672805
0.7799883603044545
0.7804548301167091
0.7810901881192749
0.7807712805504337
0.7791895849608044
0.7805198401109342
0.7807855591097987
0.7787073236350202
0.7792109291990306
0.7805323383143338
0.7797714077291691
0.7780093578993609
0.7802179922543924
0.7801645301855051
0.7798436245067887
0.7811063890101546
0.7800490152204862
0.7804801026354659
0.780878542642276
0.7810093691912077
0.778873367959271
0.7803952334846787
0.7796112514706358
0.7799569819660707
0.7798552691148624
0.7806264933628451
0.7793134111570477
0.7800596903881539
0.7784740342904155
0.7793775588457905
0.7784807498209898
0.5405731618417818
0.6272207654253394
0.663352221342299
0.6786046450016716
0.6977928756376797
0.7080428805388848
0.7265499952367639
0.7100516873571032
0.7462542164081487
0.7534305700003336
0.757940711623888
0.7572728028958887
0.761418868692626
0.7619383816152457
0.7630528051872172
0.7676625579012436
0.7679546181550535
0.7686623932688358
0.7685759066420075
0.7700144499404022
0.7714778589932503
0.7680999654056977
0.7708821600747453
0.7736936304504252
0.7736229815009552
0.774020918931742
0.7743187914729088
0.7753960322582802
0.7760415741756936
0.7744093048050348
0.7766458038213637
0.7769873760881394
0.777484242604153
0.777605003696364
0.7780005153485969
0.7781021872620701
0.7784898911301178
0.7770528320423714
0.7772947487968774
0.7783093923013429
0.7788641020949065
0.7789178411467669
0.7789783558292808
0.7783236699896924
0.7797374416033227
0.7789693939493743
0.7779133240701169
0.778915471113214
0.7791076659399854
0.7796219919644766
0.7801362962135769
0.7799142760693055
0.7789350471896936
0.7798472104781732
0.7802193806533204
0.7799091370770374
0.7806260761463543
0.7802815999134392
0.7806246590039101
0.7800451783965977
0.7802080687732207
0.7801242134846371
0.7800723427613216
0.7801874143793804
0.7797577763344236
0.7805484756210719
0.7791540588459489
0.7791526059918635
0.7796639191732606
0.7801154954891094
0.7790421585958305
0.7796037433158304