0.7037329228645712
0.7291430456103581
0.7401003310281615
0.7477146659397237
0.7567312299018125
0.7638850878527962
0.7704512543690565
0.7750684478407324
0.7814245548974339
0.7823997419123143
0.7877519431524951
0.7884741970287394
0.7895980176939204
0.7910667940051563
0.7861431882486845
0.7910515700282151
0.7913263025705697
0.7909714851788261
0.7906618776809902
0.7916425821789643
0.7909843041467086
0.7893836753287823
0.7900471519735841
0.7891260344337205
0.7890154551478621
0.7860879976136658
0.787992247901856
0.7864662859229612
0.7841388116788326
0.7804373233145733
0.7760411824343152
0.7804753023772244
0.777105584408351
0.7772326417713515
0.7726840473017813
0.7025137199305724
0.731475099318972
0.7334950085101436
0.7420721567718886
0.7522241834279344
0.7608057586912788
0.7680797044061469
0.7737124726830202
0.7792609717480101
0.7794877770244129
0.7842853582609705
0.7863048500385096
0.7885226727892192
0.785159599041352
0.7902230365054232
0.7886694053017057
0.7905711074144688
0.7888683293926884
0.7914361697431929
0.7908053368896901
0.7903534647856436
0.7911335550857665
0.7887840369395112
0.7914007109664167
0.7904446822146534
0.7882777365148754
0.7864710066945113
0.7873865621279975
0.7859044378770375
0.7801158581087568
0.7796061672442146
0.7788111058324246
0.7752309621212058
0.77487995723126
0.6861489171345845
0.7275614188740559
0.7380195454519121
0.7221367893962405
0.7521644440069379
0.7600311970300706
0.7695432291146875
0.7724614979710573
0.7805659703820541
0.7830930055286092
0.7861193027064548
0.7883923328259145
0.7899198529011304
0.7905168064561681
0.7899125839541529
0.7907776016595934
0.7915348652908223
0.7909994379474308
0.7900680765750124
0.7922067385501657
0.790192270610645
0.7922923483198623
0.7912997628726142
0.7908673000376554
0.7919548968226757
0.7870866639129638
0.7883242730218196
0.7865329940134221
0.7829491149615007
0.7837591000727189
0.7816525250274706
0.7817494756187786
0.7758247846091735
0.7773653198087895
0.7779404451409049
0.7751731563758346
0.7726373155679711
0.661677248074362
0.7243440550217582
0.7305731047154591
0.7057916636090421
0.7510617729189071
0.7640330093898619
0.7611344984219831
0.7760779036781581
0.7787605625264685
0.7835767284310179
0.7871796597657577
0.7891000934314876
0.7904553936620345
0.79076480872196
0.7914526784988426
0.7909240822364577
0.7914465176967427
0.7918943142075485
0.7916751302161338
0.7913634942181946
0.7868190023017657
0.78978157278229
0.7918892206456494
0.7913134250346274
0.7885326581785893
0.7905500108274679
0.7882561648758339
0.7854423107846153
0.7804783414087718
0.7847398835910911
0.7815524284946648
0.7802994420163305
0.7765716166181957
0.6821784247420103
0.7314047665163658
0.7127943824982781
0.737197078836394
0.7543374612622485
0.7613161700359217
0.7589652434672759
0.767241170619557
0.7773805939869247
0.7793179240730812
0.7868271748702371
0.7873253203897846
0.7895040447771448
0.791066463049136
0.7913072205388957
0.7922893446150812
0.7914055126176686
0.7926807028982296
0.7896263953133711
0.7917811346857655
0.7911109143472209
0.7919079986812035
0.7888676340131847
0.7928214670465269
0.7908545210447979
0.791304431583667
0.7875015042694852
0.7869708525470966
0.7840382289381652
0.7806410778760118
0.775314163163237
0.7763544034884757
0.7771051307383006
0.7749367217666793
0.7731528121076474
0.7686272246594097
0.7700179065056382
0.7670126138792708
0.7560945253679017