0.7282797510788049
0.7615660182292538
0.7734530173003
0.7774655671345655
0.7731027494795154
0.7813343834203372
0.7795327741810586
0.7825982549098965
0.7837468511195212
0.7837071003844287
0.7823894149560787
0.7840595637361747
0.784251357225529
0.7837858272854803
0.7822051979712723
0.784206900455463
0.7849268010131181
0.7849001152661015
0.7796384786733611
0.7833107547810696
0.7837471971687358
0.7836977737569502
0.7834921396065885
0.7830302313556711
0.7831398218882739
0.7819520337201494
0.7823393770174023
0.7815824184997066
0.7823291533756112
0.7807151612355254
0.7808529792749457
0.7798213421893518
0.7250294465818387
0.7583598252937239
0.7719489153655273
0.7773975301366305
0.7801931705505821
0.7808555165333271
0.778598506111603
0.7824156006995096
0.7827977419064043
0.783399758688308
0.7845664800364139
0.7838908674271412
0.784674445056408
0.785237960534813
0.7825868456700086
0.7846025982311903
0.7851083464582512
0.7837281284441504
0.7828701599641524
0.7841389630031406
0.7830371038152977
0.784504852811388
0.7840290842433653
0.7827816026111964
0.7830317281144697
0.7818864251885509
0.7822722511029611
0.7812566553292611
0.7787314091755485
0.7261498067599279
0.7606058971605689
0.7631507633011414
0.7778933014122987
0.7793174122659847
0.7803312024211789
0.7815046370187623
0.782304919631304
0.7833994304357161
0.7833954736928981
0.7838328072447468
0.7835557247487945
0.7836573571343892
0.7823804522084004
0.7844112081206286
0.7847833667722323
0.7851994557246319
0.7844096620729967
0.783394370098514
0.7828560985774758
0.7840263796322009
0.7825384650927636
0.7835598473585134
0.7836007633138904
0.783315460756608
0.7835960012654054
0.7810518498511244
0.7818236791027631
0.780074454740267
0.7818060012063157
0.7809312718568927
0.780220043790453
0.7280335162772568
0.753314097446158
0.7747133747804839
0.7781943237111075
0.7800969758398365
0.7818635738580435
0.7826263425909592
0.7832778886473833
0.7834121644796306
0.7798024984018503
0.7849145273464357
0.7846239084811572
0.7843471342590502
0.784402436966839
0.7850427821804682
0.7851141901185552
0.5586944284270382
0.5581404946893396
0.7813829032544567
0.7837552271645133
0.7831099279264265
0.7374910985481439
0.7784477154040871
0.7780821548418501
0.7795985256035747
0.7829027221712602
0.7835773756308745
0.7824994781350547
0.7835304715789586
0.7816816401731339
0.7824815462206871
0.7305268513374161
0.7599831147257294
0.7715176984347772
0.7790786116214752
0.7804284641141724
0.7800570879111233
0.7828477635767938
0.7828229793683432
0.7834098901799342
0.784240430065243
0.7845336919752207
0.7846878772102062
0.7843315389325585
0.784497087633771
0.7853553908278252
0.7848030849546748
0.7842552114254979
0.784725926049857
0.7849905062315828
0.7827704274953895
0.7842000736930806
0.7841073081266129
0.7844329595502306
0.7834563936719879
0.783199208326614
0.7827224226255666
0.7835665220599628
0.7746738001096892
0.7810079343412232
0.7817760899063465