0.7089110336438138
0.7259579358682118
0.7295580463816154
0.7350293356084476
0.7367137329765688
0.7391292911883373
0.7379971015972555
0.7397228206761843
0.7414632640817835
0.7421805958000188
0.7423744266997946
0.7436012412331459
0.7451926002612587
0.7436851109105365
0.7468397144797052
0.7474556470733446
0.7488507973017502
0.7501904731005814
0.7499533177207065
0.7485684412358977
0.7507233245511074
0.7507211193632568
0.7502230204849947
0.7507201467869862
0.7514134901788648
0.7519742147340435
0.7511195791221136
0.7514744025519375
0.7522627601100313
0.7526264946542178
0.7528925183748412
0.7526046845726271
0.7524659423327217
0.7503757750632873
0.7523577143106119
0.7495960104148182
0.7506400550827407
0.7527701330743656
0.7517559254547113
0.7521349733428492
0.7523043287300301
0.7520854344057357
0.7499899326818823
0.7521563124040528
0.7495572411122287
0.7535206896228808
0.7523273980899461
0.7528937247341846
0.7531178914747185
0.752053317972507
0.7525344250217295
0.7534370571828046
0.7530594260864097
0.7538672435982656
0.7537068072011182
0.7526945783092338
0.7535196142483795
0.7537302876157871
0.7534765310125151
0.7546642088501381
0.7529273144705492
0.7532264372870574
0.7529944989173865
0.7518431688208076
0.7533009401665309
0.7537503480549125
0.7507313850930133
0.7531530479169126
0.7539257567932784
0.7544039986181619
0.7540488195396207
0.7542466968762
0.7531645294015498
0.7543473341332642
0.7543399205017289
0.711111717439516
0.7257693490598945
0.731690161684948
0.7362165223910817
0.738702641778126
0.7391884044542045
0.7407631416716403
0.7400033310716543
0.7436418100574499
0.7446306129735134
0.7455175281970463
0.745971847602503
0.7429940467654486
0.7469182812053602
0.749061694089506
0.7498702320179942
0.7503212390820763
0.7502552738443613
0.7511381161025148
0.7514320249485513
0.7516439222228498
0.7501993806225326
0.750060098139238
0.7519350019068298
0.7520695212672693
0.7517588954116565
0.7524167169025777
0.7522761581460891
0.7525334252260351
0.7518951660725975
0.7524157371414845
0.752015074820001
0.7523272175021942
0.7531860969953789
0.7528158728983753
0.7524443993330928
0.7537442539436762
0.7496013987554065
0.7519598345880082
0.7514595669986871
0.7516465826797458
0.7519835523781613
0.7532642523899418
0.7530279318311817
0.752435581483254
0.7534125073349301
0.7518392268402705
0.7536744120796756
0.7530658370206873
0.7534424976133567
0.7516774971750604
0.7539723593486753
0.7534146174620511
0.7526739119961281
0.7535749496792713
0.7533411178325139
0.752805006545086
0.7507710017901571
0.7521702969703377
0.753499763274466
0.752982248380395
0.7514353292760854
0.753266019441785
0.7532220705729705
0.7531294431495454
0.7528351231105863
0.7533257023811801
0.7133829374017846
0.7278284372739433
0.7324103557259596
0.7363602584971823
0.7372665351595062
0.733213463448451
0.7394069391228613
0.739052356108254
0.7403510435996787
0.7439402469997418
0.7461414796053527
0.7473906292650212
0.7464139236557908
0.7491462584839712
0.7490217678923128
0.7506346170010729
0.7487514202901989
0.7509259666685779
0.7497790262222502
0.7506600566615889
0.7510497726295471
0.751060520433264
0.7520781267503334
0.7523065014480093
0.7519737710712497
0.7503193988003105
0.7469031501071968
0.7489274824329099
0.7515081336358693
0.7488337427436829
0.7517617423976
0.751800629006235
0.7517749982570725
0.7525528925027892
0.7515977238137226
0.753116465425608
0.7506102648739887
0.7527242451324749
0.7515850327918396
0.7529588312474327
0.753424691688652
0.7540249867923066
0.753143979703641
0.7538609733207067
0.7538776459778205
0.7537805377121654
0.7531056308513416
0.7530606744493312
0.7526993436428036
0.7538064221408324
0.7519860482749865
0.7533673320721708
0.7532391566337215
0.7540810997039022
0.7541960104400203
0.7539720376896957
0.7538692565921123
0.7534488226061029
0.7541936228682122
0.7509337724256219
0.7528195415793155
0.7522096497634218
0.7528794269372695
0.753232892297458
0.7529716572610781
0.7537263635973064
0.7536092071896261
0.7541726941709133
0.753691601353166
0.7534545301186171
0.70961833161916
0.7267285212149992
0.7316288317631483
0.7351688554672264
0.7375884597012896
0.7382928487906826
0.7377731038382214
0.7406822082377966
0.7405570022036139
0.7419397653833992
0.7430957060635233
0.7459722889164123
0.7465982167036045
0.7479151815546301
0.7490298499886865
0.7485321864830381
0.7471245225044295
0.7449223174607176
0.74637649874404
0.7475831653768679
0.7494177849496653
0.750643418685061
0.7501342180124005
0.7504473078476461
0.7505258476302165
0.7518551426039604
0.5013821060448596
0.5014259289029397
0.49992111576045517
0.49991919105702437
0.4999231870619005
0.499932148055512
0.49993215606935254
0.49996981669855173
0.4999420802436975
0.5000599385532751
0.4999420852178054
0.49995793935782495
0.499973795708559
0.4999678632558305
0.49996982222533826
0.7102380052946439
0.7251348829400955
0.7269889660590663
0.72981126191248
0.729750526120239
0.7345703527004639
0.7385009509587976
0.7414878557950666
0.7426734201894964
0.7458017698643145
0.7448493734114026
0.7460524566139736
0.7469359029499015
0.7493510854783514
0.7499934059909165
0.7455543240223133
0.7503141714273817
0.7503290151326423
0.7506998166406751
0.751213476877437
0.7403499744428124
0.7427568554614609
0.7434477839239377
0.7408597398148928
0.7484766728132788
0.7483301151444528
0.7495697062267095
0.748877301835873
0.7503456018482246
0.7497402958835061
0.7507935975044622
0.7515429211650583
0.7516601187472987
0.7522739924747628
0.7507327376358621
0.7529754200355601
0.7518490602371457
0.5012192362035754
0.4564328706187482
0.6839667044677498
0.6910986571066995
0.6765227415131461
0.6742498235838665
0.6762840456796783
0.6747628579120468
0.6871933979213657
0.6866074558824923
0.6677433465027962
0.6757380650712623
0.6799116811101791
0.6883504456168443