0.660219509915305
0.684455416862515
0.7344097777064329
0.7591075776393609
0.7658867998219281
0.7681184104534413
0.7696385190607342
0.7707596269259585
0.7722136124073499
0.7725360198444762
0.7733470410984936
0.7718081846093761
0.7723420529786296
0.7737238795608223
0.7741665813378483
0.7731893990750287
0.773592697159289
0.7751413660416969
0.7731486608160997
0.7740573622847037
0.7748214385172438
0.774955335515269
0.7747821958969864
0.774750824243935
0.7742856346868641
0.7737077918452474
0.7736035976727728
0.7742078986264408
0.7744025955099516
0.7724913954526516
0.7741325654934509
0.7728797342981997
0.7701276239427974
0.6463775375046369
0.6834379273089861
0.7323666960426722
0.7573950139289203
0.7653141326066562
0.7692760371340273
0.7707407819644416
0.7715199723754799
0.7714417198615316
0.7728859862080237
0.7731597608947113
0.7737125468861272
0.7702424927991718
0.7737409132628242
0.7741195219010195
0.773669961745699
0.7746244709606045
0.7745396762484199
0.7748712285627488
0.7748354093251245
0.7740102746820884
0.7750685440442076
0.7752543415085401
0.7737993173042643
0.7731859747044494
0.7729762542352411
0.7744295726292758
0.7736635057411068
0.7730703590726068
0.7727127399661158
0.7732542003662243
0.7715774320708565
0.7723672868203202
0.7717906845594967
0.7729506297447191
0.7719611108488411
0.7718306774037139
0.7701436004305451
0.6410489133969809
0.6817780324260128
0.7364183280974983
0.7541487980993483
0.7598664335270116
0.767852021913353
0.7624431222389416
0.7707181149933284
0.7724218450296128
0.7724105493935791
0.7715402737933503
0.7728917870551755
0.7691806312461061
0.7727572399512838
0.7731282241800862
0.7740658018428964
0.7745005895372538
0.7739353986326502
0.773085354641642
0.7732657836623604
0.775242754819834
0.7737402192958754
0.7746256300265176
0.7742573968550133
0.7740054461417409
0.7740555985957291
0.7741878411567146
0.7740303652759724
0.7743006290629074
0.7730063265899435
0.7723949771808643
0.7737071752549889
0.772781112440421
0.7733086052574543
0.7723617845752407
0.7718150749374771
0.610953410165045
0.6868653493746713
0.7377150824851139
0.7614338243063956
0.7667959448224448
0.7686012659980684
0.7706362560098154
0.7720829851197261
0.7724712134457855
0.7733932611538804
0.7732471457221692
0.7731629569938021
0.7736589902864954
0.7750423821482454
0.7752804475203015
0.7750832648710025
0.7750002443423907
0.7753963725097813
0.7750933131783841
0.7726904072749803
0.7749820196060285
0.7752087888946791
0.774600479507835
0.775365120938792
0.7750848626223001
0.7746212953474165
0.7750703700856343
0.7748690724168149
0.7755499305315074
0.7748570427554109
0.7732354829429668
0.7737104063982083
0.7733134878552341
0.7734694695326229
0.7720903779769033
0.7726044760332399
0.7711688006803133
0.771183643304096
0.7705920729503252
0.7703531983012246
0.7683450228823354
0.7689915079821261
0.7690459088470093
0.7680327633301093
0.6563858684085089
0.6991403561397006
0.7391706644688895
0.7515379436734497
0.765008787223723
0.7662177298606478
0.7663008457167457
0.7682977777861868
0.7698916048868849
0.7718981721530811
0.7725392728343546
0.770790893744872
0.7733622580233943
0.771488271848194
0.7742779177274187
0.7735233352102845
0.774460250874593
0.7748859654949305
0.7748964487223169
0.7755265894455716
0.7748340526886163
0.7746858148129842
0.7752881718241013
0.7741345399132094
0.7735121420037651
0.7748525459226531
0.774341620590228
0.7745160927428603
0.7742448556984557
0.7745015663364171
0.7713286658436473
0.7745205476717877
0.7724657753426456
0.7724109750492583
0.7725974768260137