0.6952740756893899
0.7529044357942843
0.7498235384252125
0.7571935956020477
0.762078284931462
0.7663953491919681
0.7685754126275893
0.7871499349302735
0.7892302271241047
0.7921241997069306
0.7915933451022403
0.7934740249007668
0.7944315898260709
0.7945778297303794
0.7960196519091707
0.7922270621239345
0.7933833018425187
0.7962088306640338
0.793168157635693
0.7940565735674421
0.7964548081320295
0.7955693110604332
0.7939207348119643
0.7944261868179663
0.7946327013989146
0.7931580395106994
0.7926119893279017
0.7938577629665291
0.792014941736118
0.7923114216636422
0.792171480750995
0.7872314180497135
0.7900183273970411
0.784762081709237
0.7849095551995442
0.7848306083424097
0.7211100259472787
0.7453532115089727
0.7547885367951759
0.7559817107137933
0.7589047984269496
0.7675182037801513
0.7756529773094765
0.7817935598628089
0.7889099927257379
0.7895380875122212
0.7954885364589062
0.7890116395366514
0.7969461931870667
0.7963081641817595
0.7959792095278249
0.7958127308180095
0.7954935335956776
0.7965470336534851
0.798115561159368
0.7976644074727416
0.7959006892599887
0.7955179046769825
0.794639115936586
0.7965548894131533
0.7959571456247136
0.7962799882050196
0.7943758828675784
0.7922499359443403
0.791819877618755
0.7928368416813023
0.7926834301665304
0.7890727915780595
0.7898308720665947
0.7892585619081576
0.7055695529477002
0.7097413959524133
0.7446801284361845
0.7509015381617405
0.7540583314621725
0.7665741105521949
0.778210094939637
0.7848507859067059
0.7886017469104485
0.7926172511435279
0.7926503684006746
0.7939930702651209
0.7946208338379619
0.7931622159604852
0.7962728855023264
0.7937390753095501
0.7947733555754402
0.7964594180162565
0.7954076052405118
0.7964852795133175
0.7964525702266809
0.7970777494386798
0.7962999514707121
0.796880198252771
0.7965721696566793
0.7959271167134554
0.7953336405521034
0.7937046158568057
0.7936623245567589
0.7932355096423633
0.7938958701502304
0.7935562245697538
0.7907701665756516
0.7900949819527591
0.7895668507109439
0.788964838108925
0.787540297086345
0.7196012778947724
0.7330089947881423
0.7195179244997858
0.7534336247475631
0.7586945160056054
0.7686460364299748
0.7785636516756285
0.7857213607495634
0.7891163324361052
0.7926350265190488
0.7925331301798635
0.7956461128323553
0.7912006108760214
0.7936946665786677
0.7957629840622445
0.7942886013645865
0.7944696897995551
0.797056753012769
0.7963309039286351
0.797464280779042
0.7970868143243697
0.795703515925962
0.7966190817019132
0.7966024130490781
0.7934166462671373
0.7919575280553571
0.793517049908852
0.7925107129761159
0.7927717277625175
0.7901505796627727
0.7918727202044312
0.7897573790541588
0.7877720463318122
0.7844573359523572
0.7848665454333101
0.6632179817835548
0.7436097910612237
0.7516172172803327
0.7574021359801867
0.7604031725286591
0.7706258621893147
0.7779156752175543
0.7876073217126531
0.7899164921165296
0.7912796713625263
0.7934007732936997
0.7900784989401965
0.7950390811891079
0.7953901254838907
0.7954701529608998
0.7950616540970368
0.7951846163175149
0.7948439406799517
0.7954813132817
0.7967164886313844
0.7952525587405679
0.7950138641394233
0.7955861038385241
0.795178045893125
0.7955272252059384
0.7929855179088315
0.79496520649151
0.7933390116695094
0.7933023740010615
0.7904132047918324
0.7902421527964865
0.7910865475237036
0.790278443735635
0.7864555839075773
0.7820761387656298