0.65247790030378
0.6647635889527665
0.6816898207186073
0.6914911471729935
0.6953033875160457
0.6981871870303625
0.7011260425721855
0.7056600282488488
0.704525794297191
0.7076476632899377
0.7072925606662306
0.7056671548988047
0.7089052426372063
0.7110152945712351
0.7126488068812102
0.7136285818876277
0.7145077310703538
0.7142327322708747
0.7163135294026467
0.7157736399401754
0.7169556421314905
0.7172379531072565
0.7176348270279483
0.717123794313587
0.7180265297287933
0.7182478765779758
0.7185043532298984
0.7186764598229944
0.7182400043386334
0.7181474885415541
0.719035377495199
0.7190129209700021
0.719361141699148
0.7180945717284566
0.7195977557104456
0.7197386590393011
0.7203452561054773
0.7191868950206276
0.7193556630107807
0.7203303669641495
0.7200158545402211
0.7199867295192945
0.7201490424125492
0.7202091433626345
0.7206738885639246
0.7202286419187223
0.720969580081932
0.719395039014759
0.721317144936302
0.7207634455208792
0.7208118696353123
0.72136612127465
0.7200066182903884
0.7213265048703553
0.7199539105210442
0.7206414501995084
0.7211558607125167
0.7218589802477101
0.7212432444854529
0.7210490654850565
0.7212596526780546
0.7210605925060192
0.7217759341326546
0.7214879423928932
0.7219237768431037
0.721729796434273
0.7225457168497553
0.7224140941925301
0.7224711431038174
0.7222307157860537
0.7216710795280377
0.7230624041976432
0.7229096062792256
0.7224030801997787
0.7211127585036359
0.7224162447301419
0.722478443956901
0.7222268850592747
0.7230675623522556
0.7232491455955006
0.7232477171298531
0.7233380144501007
0.7234727387940154
0.7232111832499037
0.7226773673794812
0.7235504839078937
0.72315527798215
0.7231982599908725
0.7230311460594174
0.7226278640766718
0.7236390330997544
0.7232830777517371
0.7240271332799177
0.7241864943011729
0.7231669313003801
0.7239918083696749
0.7235745300366312
0.7235439756790415
0.7243437047848161
0.7236518527079248
0.7236421870473821
0.7241628732280672
0.7241542632384788
0.7224800196241914
0.7242123329800947
0.7239191430190015
0.7237074618303614
0.7234902418532749
0.7211396728868715
0.7236208959411099
0.7236127719782479
0.7220055364680608
0.7228656940258009
0.7226733938061375
0.6590111760817934
0.6778699973134046
0.6886055585925548
0.6961024171962624
0.7028700728304604
0.7016409844047333
0.701887959147053
0.7069996781736577
0.707520407034109
0.7080401934556393
0.7064805842095603
0.7083510702602918
0.7101927256933827
0.713263854541113
0.7131289080882104
0.7151591175027028
0.7157613577486542
0.7161177015696465
0.7158088115516659
0.7171811245629257
0.7165305647244178
0.7152489862832561
0.7151699215806852
0.7171700243396262
0.717755055929604
0.7184162979039048
0.71837230377501
0.719065962338336
0.717947933632636
0.7198383581023529
0.7187118709637854
0.7205194810086066
0.7186172952147206
0.7198469898673322
0.7201437448954345
0.7203594405951534
0.7194588975263096
0.7195853141230626
0.720555257975966
0.7209614839915706
0.7206466980687316
0.7205881736569522
0.7212849469722021
0.7207972087000818
0.7211087344113851
0.7212544622958634
0.7213683040398405
0.7216078925695444
0.721445644131447
0.7213104320187745
0.7213089843907832
0.720518745000392
0.7217398679881033
0.7217229023454929
0.7199564573707717
0.7214884693573546
0.7222645930683049
0.7214651984325355
0.7229858288577675
0.7213111749951144
0.7217808335956222
0.7212225125712206
0.7224918358223458
0.7220174101532475
0.7225876458005707
0.7226723128757297
0.7227905506356354
0.7221989184891475
0.722169940669864
0.721167609842467
0.7232611978388931
0.7231064889121643
0.7223708630733348
0.7234787557700475
0.7220339934199924
0.7233023359075086
0.7235862129693929
0.7220553263350153
0.7224014601106907
0.7211229624518432
0.7227842192229577
0.7228694132625781
0.7224518143957793
0.7228615758638612
0.7226305642251517
0.723150473459887
0.7222372710497504
0.7237756161910421
0.7233172128546175
0.7237868313884059
0.7233097761230942
0.7237872381527092
0.7238088323724237
0.7230045164982957
0.7224369017370292
0.722610293949208
0.720603433850942
0.7220253599129818
0.7237044263408605
0.7234382021529255
0.7228920230865273
0.7209071709404041
0.7225906307711645
0.7225608376812431
0.7231687073012674
0.7228922451955152
0.723638737825453
0.7225210340085861
0.6145201902522528
0.6628478510265579
0.6832712741658891
0.6945898523758449
0.6981365035013627
0.7029252107334365
0.7055831045027177
0.7060470701450112
0.7074853843662928
0.7054715073660416
0.7087376104514462
0.7100640418429223
0.7133865309967133
0.7098549301504165
0.7136807539823541
0.7153185307848964
0.7149751380954357
0.7148321782986573
0.7157580417921177
0.716552383666167
0.7154184510859201
0.7170698131193789
0.7175789295993353
0.7182263955902946
0.718017336158727
0.7176553028635828
0.7185866154308789
0.7186382936597382
0.7181614822788053
0.7192694019770027
0.7188566102455137
0.71942898423623
0.719660940055892
0.7189512443526264
0.7198374618272606
0.7187367454283953
0.7205127149591253
0.7205095157186845
0.7203593203949954
0.7196126553039611
0.7205419767295071
0.7191309366209198
0.7198492963167434
0.7201209277697636
0.7195705634732212
0.7207999001384054
0.7209280840258891
0.720873081130337
0.7208476535707967
0.7213364919356685
0.7216576815654832
0.7215079478800825
0.7214277377919467
0.7216688810845655
0.7217441673212959
0.7223964421895963
0.7210638884291958
0.7222239819641509
0.7222436146566471
0.7227393967581907
0.720538247911558
0.7216065442373356
0.722397853234931
0.721937997044421
0.7216369670715639
0.722194917914319
0.7220075502562174
0.7223429818627403
0.7220031167866166
0.7227395099902236
0.7225935652228512
0.7218096328567
0.7225864490250832
0.7223539462076001
0.722970341328696
0.7226847535920973
0.7227377078588673
0.7223158488545796
0.7232732291779105
0.7232110203699794
0.7224299553873107
0.7231526170293738
0.723107309408896
0.723270322598724
0.7228029652215336
0.7232948765295788
0.723490072876241
0.7209175769642396
0.7228590673388218
0.7158687078130761
0.7210314979706398
0.722423426254083
0.723468923745518
0.7224551512566911
0.723812558577326
0.7226794961417021
0.7234278118073716
0.7241186935728414
0.7232151672754351
0.7230348443918193
0.723310295248415
0.7232298386628533
0.7231501755725386
0.7234074988516617
0.7225496677766925
0.7236947545832085
0.7238523300224042
0.7236794090296861
0.723524302919826
0.7239965214352959
0.7232827093121219
0.7243561036924329
0.7239805513635605
0.7226635269409823
0.7244460055715805
0.7237319260466053
0.7241716312903141
0.7246270252677073
0.72332480549794
0.7239582760096166
0.7225592193341863
0.7241344737631676
0.7230928322579652
0.7236545633085923
0.7239078581403866
0.7234212426074246
0.7234443898480228
0.7241991614816063
0.7232798541228582
0.7233505919159233
0.7234507003563251
0.7240530642864973
0.7238631811352312
0.6500732639126204
0.6769750775215241
0.687318088601613
0.6913230672851951
0.6989448304025068
0.699586163572354
0.7045934190803633
0.7050265690603755
0.7068945282947392
0.7095932099843492
0.7088818419310573
0.7055673434747357
0.7123584973688342
0.708554603097632
0.7135703701704627
0.7146081922720894
0.7152403414530422
0.7121564696465178
0.7127526127829984
0.7167626320340814
0.7183710712878812
0.7169153210755441
0.7176041420180128
0.7171679722267814
0.718485027134907
0.7182784117732215
0.7184044207346554
0.7190487885229879
0.7189395640329116
0.7189015381031731
0.7192672470843126
0.7193287399173887
0.7202573767246427
0.7199808754231869
0.7145164516789285
0.7186816719805763
0.7196183081954561
0.7190057681895772
0.7202566764280692
0.7205873975820181
0.7204843398826637
0.7202138329108333
0.7206295434157275
0.7200157491473288
0.7203878261238028
0.7216295259849625
0.7208255933577156
0.7213871336559178
0.7211712193312737
0.7211371713299572
0.7205057416079219
0.7213911255205899
0.7218959905732137
0.7216251334530965
0.7204024766068455
0.7213683249442158
0.7216652341420864
0.7218132388614442
0.7223910654100587
0.7220999684995453
0.721768946845201
0.7213176100586531
0.7220313629527636
0.7228785746050659
0.7207439365126038
0.7224652715873969
0.7223239989479107
0.7228220369799584
0.7215221968249159
0.7217439495673863
0.7227216323942395
0.7226626933790161
0.7211528156418437
0.7227152539467173
0.7233717218843024
0.7212774048477866
0.7230781896140632
0.7235944954571012
0.7231750012602726
0.7234821518600227
0.7240553872852056
0.7226118243236852
0.7207481975211083
0.7232089534498687
0.7237835267550727
0.7230688810699325
0.7237307414653368
0.7224999859156771
0.7242054371492832
0.7238780685345276
0.724292074461817
0.7232821483780505
0.7232994946544952
0.7231609456809109
0.7240755678465385
0.7232951212849733
0.7235405003266431
0.7242122423944682
0.7237179122759944
0.7229978828431913
0.7238364130826227
0.7241752294559177
0.7237286640930385
0.7249532180113505
0.7238924986506139
0.7225402520976383
0.7241789905014455
0.7240946396049633
0.7242861062626605
0.7246396340900929
0.7236386158832635
0.724795709640359
0.7233959535393708
0.7245453701646267
0.7236649902368031
0.7219962801848684
0.7245427693119296
0.7234415686283691
0.7245514855654261
0.5911061114000502
0.6614935462636281
0.6744855737216087
0.6820652711386498
0.6905272533947163
0.6928330608674473
0.697979311309048
0.700737404975373
0.6888000694499093
0.7047564366252697
0.7051323826532107
0.703957862486232
0.708147724691314
0.7092157030963835
0.709451999186973
0.7096356328010316
0.7123120034250565
0.711605460798403
0.7128008269826624
0.7140128548250746
0.714092603274922
0.7141694146600357
0.7161523096340185
0.7157472464242918
0.7169040065823975
0.7172298648560356
0.7143344189916139
0.7163616913413726
0.7171954745455731
0.7153985727670139
0.7162220980200376
0.7181594101326009
0.7179198616696165
0.7197408330943353
0.7181416631889626
0.7190060747870821
0.7184122259057938
0.7198586466696248
0.719753299941172
0.7195720555230103
0.7197440619493081
0.7196236527474151
0.7190160087204414
0.7195835215728781
0.7189235591205506
0.7187224555458268
0.7195780925324021
0.7211852121975093
0.7211480529283314
0.7202644127889721
0.721762355869863
0.7214195145333018
0.7205216237070778
0.7212868797559042
0.7210938182685727
0.7217144247502814
0.7212184823818604
0.7169300098832752
0.7209965397579807
0.7209248360085725
0.720604931126825
0.7205964970823955
0.7223283122173535
0.719397454341125
0.7218453758544493
0.7218130733684729
0.7207502461498905
0.7193434008526192
0.7213920697015421
0.7230152256355734
0.7225242410881677
0.7228293709316362
0.7222579925117949
0.7229207517953382
0.72285367139694
0.7221121662025495
0.7210472825160443
0.7220025575945764
0.7225714875894573
0.723483506289341
0.7211468666050315
0.722416191598188
0.7216070842670317
0.7232059057661491
0.7234461789141446
0.7233341898204313
0.7240718294474172
0.723826661191532
0.7233479640617414
0.7233679782590874
0.7229505187547905
0.7234391088802055
0.7220668725183219
0.7224478321122791
0.7237812203056615
0.7233962888803918
0.7223181866605537
0.7231518958284249
0.7236567208143294
0.7238231431593674
0.7232204125316114
0.7229242445680495