0.5301758633621763
0.7400255819370989
0.7450805317763023
0.7536907166123712
0.7600441010367937
0.761462322117893
0.7666271478662097
0.7706356176309233
0.7650339740420247
0.7760638796673207
0.7785257741662238
0.7808335039820885
0.7783157315000735
0.7845373709224969
0.7861651310830204
0.7854798771243017
0.7561926966146604
0.7673598598379823
0.7934741082496328
0.7963411013398723
0.7971583823091568
0.7960479064335326
0.8003150586276337
0.8020608998036589
0.804916216396346
0.8060118733932478
0.8037872622451241
0.8088564669459168
0.8089773814760631
0.8110864362568047
0.810551439148131
0.7925186363682571
0.8132864992306605
0.8078652269780191
0.7775358435238136
0.7028668910299963
0.8124167579535111
0.700529127301796
0.8159267775768757
0.8178317387293228
0.8188184531311767
0.8181796298685908
0.8197455697226365
0.8220579191074004
0.8226757998766764
0.8236885597839965
0.823642934826625
0.8246889381723479
0.8254442108294432
0.8249841004241636
0.8098931371509854
0.8259986598147179
0.8250678703974037
0.8278372012352566
0.829184443445955
0.828742374874444
0.8308870634519141
0.8306095065920376
0.8281170208781552
0.8326529675231011
0.828795110476386
0.8325868096562903
0.8339788509421295
0.8337420308911379
0.8338772204263425
0.8342835007678624
0.8344894543097978
0.8287484447731143
0.8368665112316022
0.8356482073662168
0.8376414371999891
0.8375884128749911
0.838124867027925
0.8389327275681893
0.8387084098969805
0.8389825490816103
0.8399361946217931
0.8398524112195738
0.8384953591394537
0.8411759378527247
0.8384211505995173
0.8402337270884658
0.8433061231324872
0.841085923404083
0.8429831360354401
0.8426265832044856
0.8415002074173007
0.8433276766443579
0.8431911643546866
0.8434186982664518
0.845496154658762
0.8439399843872001
0.8459428965150899
0.8467601439119259
0.8454618167585417
0.8468334997116731
0.8451372584709095
0.8451993272135058
0.8469380443159811
0.8131662695784615
0.8477220549889042
0.8474863025417713
0.8485268940088126
0.8477681701040221
0.8486118121597878
0.8493676622629955
0.8494870123170465
0.8481656477495724
0.8491125049406893
0.8498436188639182
0.8490694180604168
0.8495031136632977
0.8495379752937129
0.8505790434895213
0.8503724184986178
0.849565598704254
0.8507694529878491
0.850748765645147
0.8502014138754633
0.8514053554474246
0.8516990740839593
0.850926377326146
0.8499008263159866
0.8509411559179303
0.8520663230969729
0.8512071168541305
0.8515677252368512
0.8527810670943636
0.8526759651874123
0.8515930925788598
0.8524768671394393
0.8527910716839858
0.853039816668648
0.8530243397699371
0.851194204890477
0.8520827668821978
0.8512404408664094
0.8529698785441477
0.8537398962205789
0.853705967904229
0.8529592897939233
0.8537730926575537
0.8530432007714466
0.8536377084021485
0.853210539283236
0.8542066808285997
0.8536430262779745
0.8531211022807068
0.8536440468804058
0.8557160913940347
0.8541854697557025
0.8536248568689021
0.8543039872130334
0.8540712898587048
0.8544479055848211
0.8552525163120805
0.8553249925136797
0.8538729774060242
0.8546373347676557
0.8554682260075203
0.8555181280948174
0.8541565705921224
0.8547613581065236
0.8545179712846254
0.8551461117941314
0.702548872655312
0.7340964592575576
0.7471212733390458
0.7561825577352446
0.7611600559359962
0.7629938904992697
0.7690541404477595
0.7637548100421854
0.7750886000413909
0.7362508301291453
0.7768320240011314
0.778760425437049
0.78072352735563
0.7854958978966766
0.7862407228078309
0.788779605645398
0.7915829386589872
0.7929851389677114
0.7958961321088198
0.7978178996289345
0.7999743922792608
0.799260595024915
0.7953156309035891
0.8037186535895802
0.8042299686931547
0.8016805978227086
0.8090025138109331
0.8064805044859304
0.8098347546632232
0.8095276339052884
0.8130598919184711
0.8134662461193775
0.8138893059706062
0.8151465874485803
0.8155979623027868
0.7975692553616174
0.8104199090098018
0.8137914691414878
0.8176913656080858
0.8180480728723027
0.8187138749544204
0.8174507518704252
0.8199361672266753
0.7974574993953938
0.8213429602463401
0.8237759958686013
0.8213268253276406
0.8186268283102169
0.8209587705758654
0.8253771330775461
0.8278415790825276
0.8249301092126519
0.82730038449988
0.8295311528350395
0.8270656459406888
0.8292365814583156
0.8296585132752778
0.8309792869676603
0.8298720474760617
0.8325383444697845
0.8323257368685766
0.8210019581734832
0.8308766224204626
0.8337474964857368
0.829974510588569
0.8263049949773602
0.8337188054713368
0.8360196932222181
0.8358304856175429
0.8358566116968855
0.837462590052889
0.7432696406242633
0.835712162880413
0.8377764655874413
0.8373123667752924
0.8390860596545076
0.8393634352231628
0.8404755964356965
0.8406435123935985
0.8393850021640129
0.8425875518759793
0.8399026691748239
0.8418774878778954
0.8360589662723529
0.8411551229347186
0.8414817694286411
0.8429737491788684
0.8429159172792597
0.8437055882669826
0.8383624323872712
0.825203778383004
0.8370102281686995
0.8371669242143474
0.8389980864107284
0.8408242127398498
0.8405130297156589
0.8421252391180851
0.820947322370962
0.809508605041537
0.8232306651603112
0.8387973433127838
0.8454385913387408
0.8460086313690509
0.846003917797296
0.845586269824749
0.8458439450806848
0.8456522598293179
0.8469994013226712
0.8475055798416409
0.8470288712178742
0.8469936805774644
0.8460634081758553
0.8475398237390057
0.8477456295621684
0.8482959961377181
0.8479818587380683
0.8493976491739036
0.848094386870605
0.848311076881538
0.8471623888451484
0.8480404359460312
0.8494397020227655
0.8498058431449822
0.8495857958892095
0.8491685776440019
0.8446920005168008
0.849821219326348
0.8495252177633221
0.8490260088846397
0.8505758339634546
0.8506258031956486
0.8499526890342701
0.8497937369200903
0.851065790275359
0.8511826962551666
0.8508231689052842
0.8499960914955575
0.8521737415028636
0.8530409581318935
0.8509439827180854
0.8516574106754988
0.8506469874105871
0.737061027311818
0.8516964352895153
0.8516128801799452
0.8501754489438733
0.8509788443485007
0.8516170163055876
0.8516909965528751
0.8527852770793926
0.8524044580827368
0.8527738423034685
0.8524107831320148
0.8306648541304646
0.6949305253767222
0.7231698627704685
0.7412184916025167
0.7499923555535
0.7607507607886104
0.7639298232156785
0.7440874386092531
0.769347046631043
0.7733253683370962
0.7763864504660076
0.7786807043010859
0.7831077553524117
0.7835260814884164
0.7853427403870901
0.7781203062779553
0.7870953497687121
0.7875949950892237
0.790362204148338
0.7935619740615771
0.7930881593828621
0.7943790737396403
0.7985512494772267
0.8008675134094738
0.8021368473964223
0.8019917137020025
0.8045090766001473
0.8039171876204202
0.8077432515585036
0.8049532065199897
0.8120779649477587
0.8127976642385326
0.8147679305176013
0.8144114515460334
0.8165418852619141
0.8168528265644763
0.8178407160020242
0.8194198095413515
0.8204243106263661
0.8218728879153058
0.821620342529485
0.8231526159322781
0.8234996409023776
0.8231350239693181
0.8243444445648576
0.8249821330786877
0.825307356100798
0.8268027535262721
0.827860144646491
0.8277881854605972
0.8271129763784387
0.8281164300030632
0.8301527802895565
0.8301260431916531
0.8286967096301345
0.8316562552461148
0.8318455769971145
0.8324026379188745
0.8336086609826363
0.8319415404836122
0.8340782589618327
0.8343943435634895
0.8343796791180298
0.8351454062355559
0.8352801593289314
0.8363035952748417
0.8376277329265535
0.837658861300707
0.8381482200230299
0.8377857852991163
0.8392160656036797
0.8387816179779548
0.840910406643864
0.8391689433151098
0.8408787075380877
0.8380272584914558
0.8394435793719758
0.8418708069606644
0.8438899681535783
0.8433972656153952
0.8436688465794568
0.8443614797623334
0.8436955769628706
0.8439015170758268
0.8447024751207007
0.8457485926127479
0.8442519127197452
0.8454414785693029
0.8450335263198528
0.8439162016647557
0.8456630903011707
0.8471615226759799
0.8471329592368837
0.8452549567604993
0.8482163824335898
0.8463884230487857
0.8483477111372287
0.848795762319044
0.8484150708976922
0.848502278689648
0.8472570362916689
0.8479603522276252
0.8486229447836762
0.8481812320801181
0.8498707924036508
0.8506505595190963
0.8497852296616664
0.8499151886094108
0.8508131911736206
0.8497244836735371
0.8515743121512267
0.8501183019222119
0.8511573557711166
0.850791174361962
0.8503887011360904
0.8512691990257062
0.851719311555853
0.850015791808277
0.8521838803822797
0.8512390039656179
0.8527147883667384
0.8519322817395034
0.8519096807672427
0.8513969220483872
0.8526272649937677
0.8524995352565967
0.8519816869545644
0.8516762313900701
0.8516410541786399
0.852402947322559
0.8535491107108291
0.8520998418294524
0.8531019861285895
0.8529781507954328
0.8527445738429561
0.8542425563469567
0.8523075142807459
0.8533210799268276
0.8530944524711692
0.8542961245456188
0.8537739655412121
0.8538456762909878
0.8538068665406411
0.8536525272808708
0.8536239235548367
0.8536858378641702
0.8534298882320821
0.8524349418658812
0.854030908917773
0.8549087881564137
0.8531499275849003
0.8535249385479832
0.8527881173085269
0.8530022356699126
0.8539289225340329
0.8544733870731543
0.8530181490104528
0.8545962823777561
0.8521642807869053
0.8548152687441594
0.8545394240791511
0.853746409275568
0.854052354997809
0.8528770440098405
0.8528230326548596
0.6799477123888096
0.7321333707679563
0.7241484324963414
0.7405161291240949
0.7532259799237028
0.7582570463231166
0.7627891791379248
0.7664035486453966
0.7689781995694858
0.7719256658185326
0.774769708783048
0.774642630351376
0.7776033980044779
0.707580227777782
0.7808834799287722
0.7473526949403353
0.7855368428547416
0.7885152696157001
0.7891601224900181
0.7848907007984052
0.7818478216510143
0.7917743821887258
0.7937541964721185
0.7932034404561674
0.7956960873178021
0.7968030515153239
0.7991216252320209
0.7878455865585479
0.8014272534126159
0.8006843219875512
0.8018665824723377
0.8055926206576673
0.8071892054426095
0.8084452715979518
0.8063385333161497
0.8110891153381868
0.8070112378936578
0.8046110361259287
0.8134706306811381
0.8141202105561903
0.8157455333569603
0.8156920524466641
0.8174728559704496
0.8174590375506895
0.8172222645011256
0.8187728281738054
0.8200131287073803
0.8200309959644171
0.8187498981915503
0.8202852401161268
0.8215963315143915
0.8233960363266246
0.8204058592087271
0.8237961863390671
0.8254631591193183
0.8259651276532591
0.8248658784043789
0.8276464492979552
0.8255885320706118
0.8276678685200324
0.8275407632304017
0.8284421498974099
0.8274531659980444
0.8293878857687507
0.7145447919107804
0.8287927604049982
0.827776649967328
0.829512130685778
0.830928592570581
0.8306986481570209
0.8319429572409345
0.8323932242043439
0.8327284316726078
0.8326458434495513
0.8323381183875455
0.8339723177436715
0.8342076874648925
0.831600377263003
0.8333787232835659
0.8352793535901698
0.8326016016770539
0.8356327304675057
0.8356319851591514
0.8369911388745411
0.8373724144564951
0.8371234881806114
0.838331022004551
0.8385301871974207
0.8381379669972895
0.836818516059374
0.8373310867725184
0.8378758131767374
0.8404349066282393
0.8395442765736975
0.8411871309070202
0.8399625691372538
0.8399765822772145
0.8409648342972049
0.8405828671228142
0.841463720880383
0.8419950988791194
0.842926821610499
0.842499645777097
0.8425785410308296
0.8440776247111377
0.8434949345822713
0.8436222883080202
0.8442631057740408
0.8434021067624541
0.8428093180411099
0.8439884092867678
0.8445660971208226
0.8446771077786921
0.8452560243643583
0.8462656486049983
0.8442967789397828
0.8459774022775522
0.8435152794859999
0.8466919784127007
0.8459574199562665
0.8473070659542701
0.8463621895376086
0.8467249868439646
0.8473054007608296
0.8464488735993692
0.8470483365234546
0.8473300697959116
0.8437916814536516
0.8474890890549884
0.8474634195609443
0.8470299925376505
0.84879353982296
0.8466673765225157
0.8490014069944543
0.8490061474241681
0.8449825297707378
0.8478035017487149
0.8491533558958986
0.8476001131418369
0.8505548780411654
0.8495352290674341
0.8495905698913715
0.8509511403640835
0.8488101783283857
0.8508518800631533
0.8512825474311887
0.8492159282252209
0.8505462499219274
0.8507647595595633
0.8503588955164036
0.8493425097846565
0.8501531769816068
0.8512774444190323
0.8512857502427658
0.8487388637335009
0.8499275096979725
0.8498780641959736
0.8506218483612275
0.8464868843254442
0.8526481470566706
0.8510822542040528
0.8510959719064677
0.8516834763244341
0.8516868537127429
0.852035557305262
0.8523629961089666
0.8513634637463149
0.8524064388571921
0.8528795082275529
0.8501996479646777
0.8519745897389732
0.8519275547387692
0.8517042039540743
0.8490740174858471
0.8516935950603809
0.8525208000454114
0.8527778508538071
0.8515762190662957
0.8517819040286441
0.8521513755377417
0.8518444024985798
0.8465189594426425
0.8527167288542556
0.8497419883481311
0.7151106420995306
0.7377743948388242
0.7428288880927294
0.7568623729573231
0.758169959391975
0.7637703809437519
0.7666028414135703
0.7705798605086255
0.674000292724892
0.7762885666354618
0.7737688133789913
0.769573895664861
0.7813873352343128
0.7779256330786809
0.7846374839636165
0.7717016704428284
0.7779564794442679
0.7767128955252399
0.7780664829286852
0.7824192515806883
0.7960796726842058
0.7942745291353323
0.793511528100616
0.800084335333271
0.8001984950867997
0.8016133723520387
0.8053670943783163
0.8058968474705503
0.8050067612896723
0.8077342742858022
0.8097408995264848
0.8105852801761151
0.8104769553141178
0.8116259052156047
0.8122455854681147
0.8149807798404377
0.8144463333199178
0.8161905831618887
0.8151268602779023
0.8176649038042594
0.8182404497161067
0.8183692067701984
0.8186278959140759
0.8202129720637077
0.8216524445046423
0.7869690367888635
0.8095072487146217
0.7709287722503247
0.7770944329722912
0.7713329711000441
0.822680392587617
0.8249549125375274
0.8221246611348135
0.8244952050016288
0.8231535895332817
0.8268344526320484
0.8278488643038298
0.8265263247006617
0.8290806441500016
0.8292840931872867
0.8287698572807018
0.8302408072492531
0.8304876117463982
0.828602001753207
0.8327244969816555
0.833075792367191
0.8335247902920512
0.8329309742537861
0.8338332875203702
0.8343491416189679
0.835694443342149
0.8345581166812593
0.8358400201928877
0.83464040275228
0.836854096140185
0.8369200928592437
0.836471524661723
0.8370198903193483
0.8379146766430017
0.8384615046824904
0.8390623709349188
0.8389994628811126
0.8406237382214926
0.8420526621991407
0.8401725983744246
0.8413673545245044
0.8412876736754793
0.8412516907252875
0.841624532908204
0.8429882189041273
0.842449381107357
0.8425312978814455
0.8418799588100974
0.8435861777825245
0.8436839877536839
0.8456955548587706
0.8438378569991767
0.8455084086024269
0.8458817476575797
0.8445884026555377
0.8463038943382121
0.8469921093868793
0.8442070263562387
0.8470546682872222
0.8461078513830432
0.84044724786027
0.8477184761659051
0.8467792667785328
0.8466585133961387
0.847741721729175
0.8475453833364603
0.8466575196516662
0.8476639746531776
0.8487786672283204
0.8487799899827871
0.8497726735659659
0.8464147438483289
0.8486260603068874
0.8494126493438474
0.8475543404656924
0.8477707954694867
0.8503911854972718
0.8505864025702099
0.8518168932343634
0.8506940895556878
0.851427707983567
0.8503099065997028
0.8509086510733925
0.8500039407339928
0.8503910579219678
0.8505200029817706
0.8514492480664585
0.8504511056031705
0.852099935832308
0.8514055904545632
0.8482065792786577
0.850395684205357
0.8469528900526622
0.8506217006424545
0.8512535676937325
0.8510078912308536
0.8529628820459016
0.849611270663053
0.8519144413404254
0.8534344137981259
0.8519990909118134
0.8522499173882762
0.8524455171871261
0.8513531435756776
0.8520374105044135
0.8529728866355241
0.853108781192145
0.8526477240438207
0.8538510747406902
0.8524043036494742
0.8544486374641962
0.8543529291283063
0.8539530879823889
0.8434115943363709
0.8527771391179011
0.8536846426850073
0.8547502456261042
0.8532627444404932
0.8538711040634037
0.8548521850084165
0.8545070938113448
0.8552125650984883
0.8548029006541699
0.851928441051407
0.8542601281664476
0.854248203232777
0.8545509461434408
0.8528275515064139
0.8549027518301919
0.8550377063582577
0.8548641032275974
0.8539537392878878
0.854412829090736
0.8530920755418228
0.8550451191548638
0.8547945075420706
0.8546117391329979