0.6541677908128765
0.6868413958925876
0.6946505612494821
0.6989822799791322
0.7005591059241307
0.7016131507911084
0.7019183327341908
0.7025807525297418
0.702893627907966
0.7027453231316011
0.7038564012180948
0.7037380096252545
0.7044327865967713
0.703747323348051
0.7049897608275678
0.7050387009038303
0.7051648447612113
0.7049742107784001
0.7051164862124385
0.7050860888980053
0.7053723121725576
0.7057601821164804
0.7056607114265294
0.7061378383372784
0.7056463221209193
0.706336378238222
0.7065276669311019
0.7060695581520586
0.7059644705779904
0.7061312585970874
0.7063893734048169
0.7062947727675933
0.7061213718468665
0.7060038131485763
0.7069022363420251
0.7066099524836783
0.7064665738120062
0.7064637462354807
0.7067320679252738
0.7063200800714704
0.7070835114920444
0.7073414442194291
0.7018696654988382
0.7075762769011049
0.7074489138249367
0.7079463804597711
0.7087517849974359
0.7084236652927847
0.7087633330071169
0.7087929546346756
0.7086652922108153
0.7087481757317969
0.7086245231577902
0.7080762254804261
0.7092154541426186
0.7081968550136879
0.7088955947864517
0.7084833631709092
0.7076746028037612
0.7087959566116625
0.7092765353131577
0.7087610697901857
0.7093165154818389
0.707365857450655
0.7086589455513604
0.7086600411463918
0.70908985645171
0.7085778991628997
0.7085476896887241
0.7089379387561694
0.7081947820602784
0.7086234865412817
0.7088733313633917
0.70853755902764
0.7092359762266562
0.7088145554813787
0.7084826828860828
0.7087490132305492
0.6681561751882334
0.6902130997137617
0.6956042805548164
0.6987446188075465
0.7010641477947348
0.7003348810256217
0.7030676146062148
0.7032401462088661
0.7035175250723378
0.7036571717307184
0.7038214846463895
0.704836753800202
0.704120384649812
0.7048374355576273
0.7046523586415882
0.7056610452964165
0.7052209333736967
0.7051849380579669
0.7053471826430712
0.705308935499752
0.70574920851362
0.7059389023631196
0.705652442540699
0.7065180001014285
0.7064265484214866
0.7061265015243937
0.706462865136613
0.7062561874670734
0.7071714708568064
0.7067240668101389
0.7063108081220209
0.7066337963596573
0.7069041102522403
0.7074727689224931
0.7070187508557662
0.7075830403247233
0.7077749254574878
0.7076368126321508
0.7076848703606327
0.7074985238778323
0.7075150464947713
0.7079938919472185
0.7080420797677075
0.7081374244402465
0.7086777406681967
0.7085817575587402
0.7088449452091306
0.7089884680463829
0.7091056403272337
0.708795942854978
0.7085337818670723
0.7079787525481321
0.7082697043381414
0.7084082637524319
0.7097046087388791
0.704784664990344
0.7034798593260244
0.7025782129674879
0.7044347175468978
0.7066103649605282
0.7074800083311241
0.7078942413951416
0.7081922189177998
0.7064160069611973
0.7071663749931354
0.7072083663965506
0.7085854915292835
0.7075783938274396
0.7080091581203041
0.7079576578840423
0.6643899653700136
0.6877096663348837
0.6968586481927805
0.6983085119999951
0.7010245590764264
0.7002656912961406
0.7025726979909511
0.7031923371818545
0.703050715637703
0.7040285266443832
0.7040825561160652
0.7046344050312104
0.7048878496682289
0.7043320627623341
0.7045552222820526
0.7053034576177981
0.705768996740052
0.7058323318072751
0.7054779068612635
0.7060318218701163
0.7059809723921382
0.7063128186111352
0.7064412276426992
0.7060993520177815
0.7062701046462533
0.706219259008217
0.7060332981413148
0.7064801132229358
0.7072437526341411
0.7073419146682152
0.7076164979608892
0.7070472958270355
0.7074394339221366
0.7072352085773392
0.7081808703986848
0.7081038922234644
0.7082694400904995
0.7077346978735305
0.7082784272504828
0.7085327305245737
0.70849815667699
0.7088289244688504
0.7088257433007953
0.7090823540816309
0.7056639649942631
0.7084989222979975
0.7088557957847311
0.7093161323264862
0.7089268619595346
0.7090436821214547
0.7090595791261362
0.7093142170716553
0.7085174289345495
0.7089133440410944
0.7093759674172864
0.7088590516079645
0.70915596140313
0.7086529625679423
0.7090082765723126
0.7081765736902699
0.7085668745410074
0.7087893338492115
0.7089038291128062
0.7093200542677703
0.708245714059723
0.7092161564045872
0.7083931930062851
0.708934481373275
0.7091363957441957
0.7089914452315128
0.6663118476233322
0.6872236199664254
0.6956218436468461
0.699117521441423
0.7013940149711306
0.7010405101944618
0.7018983580468982
0.7028656737844329
0.7022681107728279
0.7040448230775687
0.7035447206396104
0.7041807957877966
0.7043808475073606
0.7047796002003763
0.7052902637084236
0.7051068176305587
0.7057301244504874
0.6973044782920614
0.70140028293042
0.7025968400216308
0.7043665414315556
0.704561585829795
0.7059326086053865
0.7040864754103993
0.7054211487381571
0.7040818690460992
0.7052587993748365
0.7064231936545114
0.7054487058564503
0.7059939910622293
0.7068003961470464
0.7065414459655812
0.7061177022046679
0.7063124260236923
0.7073601943940344
0.7061120318596141
0.705841776684587
0.707453524607034
0.7070957478951667
0.7068551665038006
0.7074611748148706
0.7072729998673792
0.707835134122427
0.7077919336779345
0.707768972037893
0.7078387804826488
0.7073727176184369
0.707783025236757
0.7081367854813955
0.7078347998424492
0.7080628255376723
0.7086369332716755
0.7090339970240974
0.7088962674845969
0.7088379904594826
0.7088165110555976
0.7094368019740906
0.7089875388736816
0.7089626051066624
0.7094551634198354
0.7071952130302506
0.7082171323480401
0.7089905838170071
0.7079182081492565
0.7091479850239306
0.7098333639430561
0.7092810799215016
0.7085990509973846
0.7085282539726732
0.7092450936650515
0.7090813352295131
0.7092439987224375
0.7082535852878963
0.7096278959670113
0.7083754223150743
0.708461961758851
0.70912799154702
0.7094441812982691
0.7093026479422945
0.7093304645176228
0.7093381467871089
0.6673153333566655
0.6898953300688082
0.6971616688824336
0.6984825128836597
0.6991828377135445
0.6996946593927613
0.7027671169446973
0.7031093861077231
0.7025081303583471
0.7025680699850375
0.7043027590483995
0.7041195810394778
0.7049238665882912
0.7035421204211895
0.7049133009699218
0.705182552689879
0.7056982998893548
0.7055472804978576
0.7056179101868552
0.7047002474499138
0.7056788069097065
0.706154348371884
0.7062041980296887
0.706212906421085
0.7061162764678485
0.7063358196198997
0.7059849695105347
0.7057355802434561
0.7064744075727865
0.7065573768027591
0.7064202657175666
0.7068717542506254
0.705623055410554
0.7066813860066958
0.7060481534219926
0.7070954266821752
0.7075640614312574
0.7072976124400472
0.7071801958755235
0.7079298037667592
0.7076898259359464
0.7074962627486365
0.7085627976226566
0.7078679763986071
0.7077144978226662
0.7075164352861318
0.7086703193469853
0.708817431280862
0.7086033407901762
0.7090589441377102
0.7083893594023014
0.7088642272529495
0.7093994441500967
0.7089638083319058
0.7090516505225228
0.7088932512289917
0.7052876898849421
0.7087754611835313
0.7084731427372063
0.7090515825779223
0.7095066103442845
0.7084408373258922
0.7093804613607675
0.7093627127212612
0.7099071347603276
0.7089077392360174
0.7084641005132039
0.7091528499132412
0.7093152477791271
0.7087271245746197
0.7094149919996863
0.7096202332514033
0.7089514393389501
0.7094559056097418
0.7092470283059961
0.7088977367096886
0.7084642722853557
0.7089491742952505
0.707740182428781
0.7088175822129414