0.7084149887957887
0.729869822499688
0.7344658837222552
0.7358247995087421
0.7383494557969996
0.739843488665896
0.7407143416658941
0.7399921505205472
0.7429220142214124
0.7451333164940253
0.7461117662189345
0.7476439833800597
0.7476316591986368
0.72379223276289
0.7376100114056074
0.7412190234996667
0.7425736446966318
0.7431963669476002
0.7441119660553788
0.7462146882495759
0.7463292831298404
0.7479936656548256
0.7480874226152605
0.7482893242814974
0.748342580535273
0.7500656629224883
0.7489728661936934
0.7506107555144685
0.7482594768705042
0.7515346975829479
0.7499891286726027
0.7440606117070392
0.7499037189561282
0.7508635892825493
0.7506671563716457
0.7514585763221904
0.7511939584779067
0.7519542471449328
0.7516438308927014
0.7523127894112853
0.7524182438155433
0.7515962348974146
0.7516972319482859
0.7525522512573749
0.7526451844502684
0.750169931554683
0.7517646530797589
0.7522824589591439
0.7528152392522924
0.7514919820165616
0.7527336551774972
0.7524888392568961
0.7516566790134931
0.7515329620337882
0.752386067140341
0.7524729880184395
0.7533388616600571
0.7532208479096066
0.7529258736372845
0.7522909096921833
0.7531604883533629
0.7522663301378307
0.7509289051228396
0.752551951981881
0.7518805884821114
0.7526210825484471
0.7505388496720149
0.7526116363029729
0.7529307254650645
0.7515184312828184
0.7537221526004318
0.75319811678903
0.7514095328614949
0.7531049458061435
0.7528317847933146
0.7534337270175433
0.7534373017431113
0.699946552629944
0.7460850082816465
0.7490759502973516
0.7485403661271951
0.750614976874068
0.7515660319758737
0.7510884410682813
0.7488269485267549
0.7503008072428918
0.7155754077017619
0.7281759772280564
0.733960826619673
0.7371346582939062
0.7379868168000854
0.7404959675503877
0.7412595921858011
0.7417815131723133
0.7398449799310883
0.7440793432303284
0.7451579719035236
0.7458548004870276
0.7471734865175677
0.7488223376668706
0.7494148797942928
0.7497297651443326
0.750351176165182
0.7502415628540127
0.7502154541759798
0.7480394003665577
0.7502158842981463
0.7476450271137076
0.7495634159145492
0.7506508252699433
0.7506956498580933
0.7503718608548531
0.7504233544782146
0.7497322678114714
0.7518908596004846
0.7524960851504583
0.7518708687988702
0.7514024277628212
0.7515303357047993
0.7526641266822964
0.7526010067724889
0.751976358436393
0.7529755512967417
0.752371562365268
0.7531175572422995
0.742718337351322
0.751403386245786
0.7525635691491288
0.7525312541660918
0.7526508954170241
0.7519231081239129
0.7529513988248231
0.753065280335108
0.7530742866483695
0.7531191528255887
0.7523760038291434
0.7521707268161649
0.7519081797206477
0.7529464115907716
0.7505070716162952
0.7526081479334451
0.7528173824019634
0.7525132320058616
0.7532806789668824
0.7533426287177987
0.753647569444383
0.7533973222124277
0.7529334486509882
0.7531037650081879
0.7456112437065818
0.7487456167497677
0.7407552900422675
0.7375617794153533
0.7415395919061899
0.7427686264115457
0.743069033238749
0.7420450863157613
0.7437795390992031
0.743382378411535
0.7445018612293923
0.7429591386141423
0.7112576152100227
0.7288748714480492
0.7330119000215536
0.7378359909321437
0.7386170118192056
0.7402612722813948
0.7416827984079654
0.7426299966417477
0.7437717716151562
0.7432615026146476
0.7471609943218326
0.7465126577638919
0.7486248566008897
0.7483044586957329
0.7474690256274796
0.7490086774219289
0.748904240222743
0.7505544102014965
0.7498188561151868
0.7468802777772225
0.749368221556521
0.7517459315046856
0.750993541168379
0.7495701957618319
0.751675066908826
0.7517997052038561
0.7520517114738141
0.752261786152064
0.7525930896506952
0.7519688266697944
0.7525454448815165
0.752096968533015
0.7523458771772576
0.7524066287208406
0.752250057343727
0.7522716277009496
0.7519622839216564
0.752574655330355
0.7531575735261139
0.752474419041658
0.7461242215233692
0.7513185851666848
0.7527553873313971
0.7522027783096512
0.7526722951347105
0.75325659820502
0.753269645704638
0.7536897403459507
0.752809299752911
0.7529101652662614
0.7534369253689444
0.7534053892483077
0.7535026011412115
0.7542526159264711
0.7532529302149281
0.754245117320592
0.7525602425762787
0.7535963630757545
0.7531971484960189
0.753647167094319
0.7535624800051914
0.7473475476871928
0.7517110979649984
0.7533659437433786
0.7526797097334335
0.7531825612336562
0.7531954440350339
0.7519322521923303
0.7532801507442539
0.7165429463064105
0.7290946383137769
0.7325152773479904
0.7344429532228524
0.7380986984426419
0.7374260698614211
0.7382270706346937
0.7407246766186525
0.7432157147075944
0.7447004797080538
0.7445625470042145
0.740932569597895
0.745818113263117
0.7471520762989867
0.7463337863555559
0.7492561334884853
0.7495968830944211
0.7503557918610047
0.7498400727580674
0.7498892488616411
0.7507256431762526
0.7468786701731726
0.7493782547467315
0.749064788951828
0.7511533453011401
0.7503049295348416
0.7493524682803568
0.7516420465696501
0.7514878286364373
0.7518521035621828
0.7511962538905483
0.7521770527760987
0.7515861109297344
0.7508080249045228
0.751310369598415
0.7521542169229161
0.7527214542434154
0.752214364526894
0.7516179492274278
0.7532637363262435
0.7526997008113872
0.7534813792478837
0.7517404153571572
0.7522315695517265
0.7532830777304333
0.7535269534064655
0.7535155325783112
0.7528431285227959
0.7534939336199682
0.7535331335974029
0.7520840361287278
0.7533114457588254
0.7530618136582177
0.7530162247154819
0.754009557662176
0.7535174223248169
0.7533031062523662
0.752227974377048
0.7537687548794895
0.7523799353087861
0.7540413477386565
0.7540538754439955
0.7529892913027196
0.750069592329586
0.7520298936547221
0.7527861100472171
0.7531575921790187
0.7531261431052709
0.7517984497942815
0.7532031854050141
0.7538053927768295
0.7538828683766414
0.7533654409439683
0.7544998712325045
0.7529311155180284
0.7539746870930184
0.7524978598016331
0.7534759787483648
0.7517056037864467
0.7533651553472713
0.7535174694406725
0.7532166782254619
0.7537359353008364
0.7502127315427347
0.7519831627397064
0.7527751146434607
0.752244089243225
0.7527095444328176
0.7534549157501516
0.7157591437876567
0.726575479934652
0.7244362335567487
0.7371139260738706
0.7358086534162208
0.7393657366524743
0.7398552267316005
0.7412414829786822
0.7422038509981341
0.7439576674310817
0.7403629332375057
0.7437542333250924
0.7469000578700982
0.748462825449471
0.7463407397439377
0.7488411699158453
0.7428482906188483
0.7476146401501733
0.7482948174928614
0.7503127397133149
0.7503871560985782
0.7500596334746552
0.7504504447135463
0.7503869297766672
0.751205649289586
0.7517315394760592
0.7509870950008368
0.7513437841356447
0.7513032186274125
0.7515095541581933
0.7516820140795728
0.7522524808396478
0.7516419643586996
0.7532805696746776
0.7519755057913915
0.7524872663334318
0.7519018731044669
0.7525111772847761
0.7525888189645253
0.7515558506677825
0.7517725069198462
0.7530668840704073
0.7525493646167376
0.7529241430622328
0.7524179455072371
0.752554041107213
0.7524956899852169
0.7527534149594319
0.7532236832892982