0.7229537718835968
0.727552762600122
0.7280887203054899
0.7292875154809614
0.7300004725962775
0.7073685435996107
0.7286007566753934
0.7295080038082935
0.7301771835243309
0.7305052296805152
0.7299858805968429
0.7318331839469457
0.7294526794745514
0.7318123707457819
0.7314432064268881
0.7328960116006158
0.7291350155844452
0.7326258904030604
0.7316258175976375
0.7330528332744928
0.7326001031392568
0.7335197192730377
0.7332224405226774
0.7336279379118862
0.7342732682261367
0.7334185192791458
0.733955970075306
0.7340798465580763
0.7343381644767814
0.733676165681012
0.7342534587680768
0.734044222924312
0.7339191351164571
0.7333158744474229
0.7342328579716423
0.7341881465468494
0.7326195651131644
0.7330309495249638
0.7340487446334834
0.733653355632556
0.7335352972953705
0.7339395609184292
0.7346416587570463
0.7340295578024946
0.7349156350800629
0.7347462309731941
0.7348929596695104
0.7347544920873254
0.7351300320123297
0.7344978143108005
0.7345782285711208
0.7344660213406318
0.7344171886561501
0.7351086105674338
0.7346765288447868
0.7350175932304585
0.7353370924142596
0.7334906028351064
0.7350993622416988
0.7349709714367142
0.7348452036722097
0.7344709583920699
0.7348627335238513
0.7353377110252035
0.7355441481123113
0.7350788412413805
0.7352489420316861
0.7354004333538584
0.7351541257695575
0.7353361513074559
0.7338688566261983
0.7349741014177271
0.7355181129778944
0.7357247067449061
0.7351393661541265
0.7343278501112718
0.7356292624046417
0.7354660820552194
0.7356437867582305
0.7349375597805038
0.7352492954169131
0.735369206292517
0.7340484125515607
0.7335724140199272
0.7356924308885137
0.7346802937474844
0.7349969865838937
0.7353444424703695
0.7349749173283472
0.7232800723490245
0.7279204743461067
0.728377584046783
0.7297595055186245
0.7313145670210852
0.7304140066125439
0.7315225997673069
0.7303240087860048
0.7328652495100046
0.7328808929875685
0.7325719758403311
0.732102111582076
0.7329658577661925
0.7326860972011762
0.7338487845830465
0.733602115377486
0.7331913983984724
0.732981495189848
0.7341079600934881
0.7339864743356479
0.7335544472764822
0.717133872770924
0.7236883559880083
0.7231413674757069
0.7248603067072685
0.7294943054013971
0.7307127678232712
0.7319613905365078
0.7331637101564925
0.7329848787302804
0.7332186691585153
0.7336765837403203
0.7333703758401997
0.73335491266382
0.7241366813827153
0.7277554721523457
0.7291477231117315
0.7293380001607169
0.7310728573165195
0.7240751213535249
0.7315836488653096
0.7276595348218592
0.7302289531525086
0.7319135993535182
0.7305621533413773
0.732511995269894
0.7329752545103266
0.7334313480034702
0.7330756699075034
0.7333147706322791
0.7325529259312589
0.7337981733061324
0.7333517558095672
0.7323671725018646
0.7338647975443091
0.7330420820596341
0.7334742116276859
0.7332053949921968
0.7343552442589677
0.7341226557056072
0.7339765512241333
0.7345049707267494
0.7342668867104605
0.7338033460948948
0.7339539065161511
0.7345520727321294
0.7340101537355365
0.7343860916477044
0.7348160299131911
0.7349114016490086
0.7333172213953386
0.7325818378184091
0.7346627697629546
0.7344812572364791
0.7346538383206903
0.7342428593084837
0.7349574204717799
0.7352552978628281
0.7353632311443796
0.7349458406611129
0.7353903300090854
0.7351581701284775
0.7347624349170111
0.7349384359500128
0.7350482742428491
0.735561391290589
0.7351436063353312
0.7351826186464347
0.7346241693383806
0.7354730134576678
0.7347171107993307
0.7348573268147859
0.7351029284692178
0.7349937536609659
0.7355611721781627
0.734585922774516
0.7351243325165563
0.7353921877353552
0.7348216530940576
0.7352466849257688
0.7355382324673857
0.7234298272353634
0.7273809291778414
0.7283895009998624
0.7296806776285318
0.7304655110319861
0.7310745495155188
0.7323793134495542
0.7315665330059047
0.7323308779710866
0.7320612373078157
0.7324878275242261
0.732899110233761
0.7307422876909399
0.7291330337233358
0.733029698471636
0.7325494680457749
0.7332910272036064
0.7332086805493158
0.7330933469633658
0.7337304168342549
0.7321904053735032
0.7335678427332369
0.7337466250149586
0.7340670810644049
0.7321644133975942
0.733602501350231
0.7341338689873582
0.7279257775613581
0.7328410511976186
0.7334395511681979
0.7331879084264247
0.7336041364404117
0.7337865597362232
0.733967506133112
0.7345212289095097
0.7335702898537625
0.7335565535780982
0.7334151119815806
0.7344176204959542
0.7343365409085553
0.734141735722897
0.7343072801023153
0.7334748314528077
0.7344553782810113
0.7347449657997407
0.7350017775179274
0.734705256117449
0.7338462677364402
0.7340193181641206
0.7344772032235706
0.7338093013152301
0.734878766625185
0.7349301684593244
0.7350748942629308
0.7324474005174721
0.7296123562242641
0.7347293117342052
0.7327419562402202
0.7348704630912416
0.7348275917149665
0.7326586760274069
0.7240735018014262
0.7353470184296126
0.7350648351974456
0.734703848265347
0.7353936458017829
0.7352505222036628
0.73439082008129
0.734744042931079
0.7351192497043255
0.7354795190912019
0.7352367407826539
0.7349693760323229
0.7353395041538087
0.7345444293034498
0.7348277708783897
0.7351380652006312
0.7349120969059985
0.735087653728166
0.7351260849404817
0.7354009688912545
0.7348251719941078
0.7353450100943288
0.7352459232880556
0.7357948431499639
0.735388758531642
0.7352457644684814
0.7348735488354206
0.7353674485873422
0.7250035974034492
0.7333265652845222
0.7338658208586036
0.7356958193875471
0.7349790470872819
0.7352877040692926
0.7349432809361933
0.7354785389354155
0.7345652984756713
0.7338584339101631
0.735756677969987
0.7219705215395363
0.7276319743317803
0.7284036934498348
0.7281769124880508
0.7296212103242402
0.7311161056568485
0.7314801721518562
0.7324198453680781
0.7306500009860781
0.7320933119757662
0.7320697702195083
0.7321390811448656
0.7317580249800549
0.7331297982334827
0.7333288348973219
0.7334328887358896
0.7327630301754917
0.7333408694728316
0.7335422862566477
0.7336868050301726
0.7335637489581226
0.7334951241452122
0.7334867986881389
0.734217319269996
0.7338348097511271
0.7335262580714611
0.7343267215880309
0.7334882233774082
0.7337133906287332
0.7325186728412187
0.7329518420512875
0.7345249950009131
0.7337765441688762
0.7291515487657815
0.7344021800408352
0.7336026972489325
0.7342431486649265
0.7347288983448119
0.7345262163365979
0.7343416411268342
0.7342890025802524
0.7347436985290706
0.7351735279260955
0.7352748411611879
0.7348895845179438
0.73403672868669
0.7349615154780538
0.7338611924291316
0.7345701700548969
0.7347506006469046
0.733569357611307
0.734944858790194
0.7349953167495431
0.7349231109776538
0.7343966905469078
0.7347613056296022
0.734932722495438
0.5022305904693048
0.501229841986573