0.729803047216945
0.7412532776824463
0.7484937336229295
0.7564023702460334
0.7589831271778533
0.75980159257227
0.7612062619586217
0.7630435141050071
0.7637592474039271
0.7649569000808745
0.766002579798461
0.7642475776603734
0.765934769141033
0.7667387291793057
0.7665679772547389
0.7656626117340064
0.7575984378667593
0.7672169931666803
0.7678942788584706
0.767967702753122
0.7680744602406654
0.7680890994666604
0.7687814306422571
0.7689372681639133
0.768507828556422
0.7699818090581145
0.7704826998392587
0.7697105273830296
0.7706885247351285
0.7704703159483921
0.7699406626719754
0.770193025934093
0.77101216346672
0.7706224915718332
0.7716551756877059
0.7704280893069277
0.7702832830328524
0.7713256485419755
0.7707989785180017
0.7715086895329313
0.7710443480100578
0.7718028025251692
0.7650662903421537
0.7718106469265754
0.7715306451181425
0.7707077025209321
0.7721383566031486
0.7715094007165146
0.771551511151511
0.771679323391727
0.7726993028868817
0.7719194059543212
0.77179227886744
0.7716063912828476
0.7726553052588473
0.772255273324938
0.7723213148550993
0.7720071102293946
0.7716314491159246
0.7714043593660884
0.7716934652540393
0.7715896036316748
0.7712278222187257
0.7718391193705041
0.7728864231896853
0.7726285972939265
0.7706552366951719
0.7729552081221398
0.7711190315828207
0.7714079143543531
0.7719501476781543
0.7726040637844325
0.7726708257946944
0.7729619852833451
0.7723999001762271
0.7720745899308021
0.7711760945364494
0.7716998426649953
0.773516291064679
0.772853322009729
0.7714200416613389
0.7728588924829722
0.7737513804677625
0.7724982610492289
0.7719197266841725
0.7725530937683264
0.7720381661755167
0.7717086697082938
0.7722859183649898
0.7721281267153701
0.7730047650675965
0.7728453000448398
0.7721690109397178
0.7721791645960534
0.7720201179165809
0.7735907152646058
0.7725929256269013
0.7709811614403989
0.7268231061936055
0.7462991224169357
0.7514518538605608
0.7550120788535368
0.7605970379302298
0.7613303602401247
0.7605090975236137
0.7636311404641087
0.7654936252180989
0.7660553245197439
0.7655857788064139
0.765411733125722
0.7671886936379759
0.76649450129959
0.7682340200879001
0.7676192320938271
0.7681083497652997
0.7682392159114908
0.7686681200395781
0.7680961313524433
0.7688451898773896
0.768474830567809
0.7699089940853547
0.7688330142285134
0.769393640712047
0.7708649559021927
0.7699774973333311
0.7705346720199435
0.7687619042370499
0.7699482328261176
0.7699452393475056
0.7707632306195334
0.7706897249155288
0.7711693991845974
0.7707861353791741
0.7724260810286094
0.7720737458070196
0.7715240194901711
0.7699755366978056
0.7714024693840952
0.7714987190179889
0.7716336561091621
0.771803102802682
0.7718070575411963
0.7718182672819117
0.7711810858366568
0.7720597889454041
0.7721600016846777
0.772755727169763
0.7724672683194254
0.7720302102159013
0.7719551454859238
0.7730359790545149
0.7715585216553039
0.771547700509017
0.7716502578299863
0.7726014998049255
0.7724181287876011
0.7719543487743803
0.7723933619355194
0.7727770803406449
0.7718122449979213
0.7730659129109831
0.772953337662833
0.7725740983198046
0.7716647576082196
0.7718815867917699
0.7727310281822588
0.7730223587268301
0.7722151913900445
0.7727313702941001
0.7718827702384384
0.7715433878545819
0.7728523942172895
0.7730027012407273
0.7594104257973807
0.7689549631551869
0.7702113902746215
0.725232459976094
0.7385095918454756
0.7413456766988212
0.7508839416963183
0.7539926525011689
0.7600939513116691
0.7622182622528676
0.7599129378911644
0.7626961618167591
0.7586150743342468
0.7649145786149324
0.765300917708321
0.7622126267040024
0.7604225181271492
0.7662926906399458
0.767805465508868
0.7666565330908087
0.7677201969213608
0.7675903180653206
0.7676707729161032
0.7682776625889686
0.7685358017773647
0.7674829116808608
0.7674335146355037
0.7679332089548548
0.7690334592297473
0.769250253086531
0.7692612889823708
0.7698813127750592
0.7693468160130623
0.7693513136681944
0.7702782443204061
0.7707631125537621
0.7697530366386238
0.7699922722884806
0.7706068501812593
0.7710814039285283
0.7705787449497692
0.7648650820968388
0.7705796541491737
0.7674498876619991
0.7713442796925543
0.7718466811577805
0.7713222162677409
0.7710493737073797
0.7714321475863345
0.7708548134016782
0.7719443540884927
0.7715915140660065
0.7711503422535202
0.7725173830559278
0.7716405522657909
0.7714883859388671
0.7721768395370445
0.7704752049869079
0.7707801223917012
0.7718899452905899
0.7703408916920541
0.7715001302293347
0.7721717431861901
0.7723192844956929
0.7714065180174354
0.7715388920587535
0.7721501938587906
0.7719735395753081
0.7726483681975421
0.7725341549030209
0.7726520961010309
0.7718232613710743
0.7719462905530731
0.7721886098577608
0.7723593218073028
0.7714401918628653
0.7727525468311507
0.772808367770051
0.7731419537752908
0.7732440871750652
0.7725686328972083
0.7713235837854546
0.7717320653240547
0.7725664733162098
0.7708800897029149
0.772604427278264
0.7722856562031982
0.7724745279698852
0.7722896964696728
0.772087537190625
0.7723506351414176
0.7721199560062022
0.773140597413398
0.7670441541739508
0.7731730394702686
0.7310319045842935
0.7427289231904104
0.7474148039811079
0.7545672126050245
0.7568620086607398
0.7594714871831554
0.7604207331958028
0.7625291749817507
0.7543860774001416
0.7649227855805184
0.7639172491548406
0.765855707838213
0.7670763917074381
0.7661203192620427
0.7671412144641644
0.7677503548238994
0.7685647065093539
0.7686306996976244
0.7685806807152514
0.7662371578930858
0.7683222096411833
0.768060448529597
0.7691713600506765
0.7698573630868597
0.7698970787389665
0.770644057632964
0.7697075459898903
0.770573777820507
0.7689043110799768
0.7704861293245383
0.7710564948397299
0.7712521344711051
0.770579815908577
0.7709605584984736
0.7718874826431232
0.7712452987418399
0.770675464987445
0.7706284506395048
0.7717626610925641
0.7721647419789145
0.7713897796378051
0.7719234266981091
0.7726986502713582
0.7719734001275467
0.7717868859576795
0.7717996928400893
0.7711272785234315
0.771492840830019
0.7720449972565234
0.7710876539771956
0.7719557627746811
0.7723365890332345
0.7724375705944996
0.7725070843739203
0.7717469862345276
0.7723222008132102
0.7720136763596546
0.7720603811335642
0.7268572206939615
0.7354855639475342
0.7467806029993406
0.7562969765575968
0.759182633230827
0.7622197478363527
0.7641156284699019
0.7638666993413223
0.7634626169147696
0.7626382417242235
0.7607511063246193
0.7658729249884907
0.7666725649351144
0.7670897238430824
0.7660257690315349
0.7686256674927403
0.7689831185878713
0.7689047387197787
0.7686490194148692
0.767027362804171
0.7679114234959126
0.7693470130992318
0.7692395397798464
0.769509253132441
0.7694613360926587
0.7706579447706989
0.7698618765460713
0.7690762325064363
0.7703243327352103
0.7691339499348921
0.7719845559484613
0.7699384380153548
0.7703095484835436
0.7709305902448906
0.7705161431310564
0.7709727471624741
0.770515534209165
0.7710351091310372
0.7713081422700057
0.7708904376564645
0.7712374357473987
0.7717368344374955
0.769537757184529
0.772247077515173
0.7715296225012254
0.7711507224810832
0.7711670648290708
0.7716758911174921
0.770627785008857
0.7687574298232115
0.7711560531041768
0.7720062279898907
0.7720927618334198
0.770795477449538
0.7725413792267146
0.7728686138512473
0.7717951775215742
0.7716809856090431
0.7725729464812954
0.7711149243814207
0.7724256413033351
0.7729417523428135
0.7724587601466746
0.7722168722003956
0.7710877813394843
0.7722877135225051
0.7712582385644488
0.7727432577509361
0.7718830742345584
0.7716600368366693
0.7716823475488463
0.7720116116031336
0.7720957646085495
0.7727154732492971
0.7721304461964686
0.7723411657087647
0.7720125868078119