0.7334895193396336
0.7466772842716898
0.7535720955060768
0.7562414382482768
0.7624304854164958
0.7603736889471097
0.7637626042338506
0.7635779562333639
0.7623027110606384
0.7642151479408055
0.765125395497154
0.7654186998260365
0.7664957619605399
0.766553172811975
0.7666126483410118
0.767469654285494
0.7678017093327685
0.7671800013383112
0.7673878649600001
0.760964601009242
0.7678215994010676
0.7679727406101486
0.7684359449424802
0.7677386146398373
0.7684881414379456
0.7679385341538818
0.7681608805461422
0.76868892033685
0.7682690122627951
0.7687004926439773
0.7690947871064086
0.7681753872290795
0.769156510306531
0.7693895493594362
0.7687352598543411
0.7676670210176217
0.7688669094737018
0.7688936554544794
0.7695512709688204
0.7694351506054607
0.7694842543741466
0.7689367283785641
0.7691406815070815
0.7691299854694997
0.7691223128858526
0.7699217719887297
0.7695109455025132
0.7662392822181375
0.7689927681935332
0.7694172866994264
0.7696199794089854
0.7691554212899477
0.7690408426352809
0.7697270958540601
0.7695822839378056
0.7698797433596285
0.7689435900409624
0.7693158726233678
0.7695897550004492
0.7695128856897848
0.769897758954027
0.7498759994169953
0.750010680521925
0.755846575638994
0.7484539389828929
0.7562132152682229
0.7620349709670826
0.7585766219288468
0.762680589866712
0.7642713370711558
0.7624863656027352
0.7652776411472066
0.7608612263930206
0.7657691931324594
0.7653455184045002
0.7670638460190891
0.7639473229674791
0.7678651549533532
0.7664833898669295
0.7664084661283824
0.7679673540303866
0.7679885460448441
0.767851868622472
0.766820476367958
0.7670060580459207
0.7679377229588272
0.768571643418165
0.7688600401447436
0.7684836839722314
0.7676993624006506
0.7682283952846738
0.7686637407072793
0.7685176515786493
0.7690385561750529
0.7687452867107643
0.7686992335940471
0.7690866253232236
0.7688768376688002
0.768783564840498
0.7689001150788247
0.7691660254200793
0.7693629913919139
0.7693851723926011
0.7690633487346162
0.7690340289801506
0.7694014934034511
0.7686043025070878
0.7693986741173083
0.7696870787842527
0.7692995987983687
0.7690010001622488
0.7676639603261103
0.7691469661695772
0.7689336556396014
0.7696367670760365
0.7697055166783269
0.7687784138249165
0.7700347401182015
0.7699045267923349
0.7694045370277398
0.7696508262691725
0.7695817884407364
0.7696680855209271
0.7689346699984937
0.7698961365639179
0.7697765038208914
0.7695703344176765
0.769884835324445
0.7696799811925996
0.7696118159829661
0.7691481232725138
0.7693569015878162
0.7688097952451209
0.7411582697980961
0.7493841824790825
0.7577300081888754
0.7572333532865777
0.7585214500779832
0.7594411676612062
0.7630616811439301
0.7636399369933922
0.7655719438629819
0.7642881902690404
0.7657662457965123
0.7656064222083201
0.7660920100662969
0.7664400314547563
0.7665797219264461
0.7677073728605457
0.7674734838234433
0.7669821799061654
0.7679356992608135
0.767868428483171
0.7675533351521114
0.7683473275414218
0.768014865436323
0.7683979252853381
0.7678951198853434
0.7683581783704992
0.7688883970157904
0.7686162946496392
0.7689063232582583
0.7684300047275696
0.7679037151942383
0.7681975277977899
0.768066420952618
0.7685886394513625
0.7675145659974685
0.7684610239940863
0.7690610224812915
0.7692187227974596
0.7674201726649265
0.7695119240841262
0.769067367289775
0.7648709796109361
0.7686163903903698
0.7685624269353795
0.7689332316970914
0.761768308846613
0.7681241266015357
0.7689233206604843
0.7685759661714693
0.7689896394156681
0.7690070209673072
0.7691558048917495
0.7692891864235039
0.7686299071743913
0.7691650624453918
0.7406808519374758
0.7544194008792755
0.7548126786098315
0.7583545775442861
0.7609854879128682
0.7624674481835916
0.7639024552469557
0.7628511412539487
0.7634017709285393
0.7656834764291084
0.7661210967208333
0.7650780974771354
0.766480990233674
0.7667849073632023
0.7657058959145703
0.7666959194117478
0.767148638810701
0.7656589647029366
0.7663987272242992
0.7663524074208191
0.7660737394675126
0.7679866861739144
0.7680329885450975
0.7679788089661322
0.7681112866652329
0.7671120496971326
0.7679949165910644
0.7682127227370171
0.7682942455582853
0.7678395984758547
0.768572724403114
0.768232319011788
0.7689607865912093
0.7690598536047092
0.7688987781768042
0.7681588279159918
0.7694059937653936
0.7690487209382859
0.7687380301292613
0.7691272177500995
0.7689351304484318
0.7695466075099424
0.7692311064821785
0.7695542960655894
0.7695814190768318
0.7692833377509695
0.7694421258972293
0.7681307838223361
0.7687154961017435
0.7695008756585936
0.7697348409049523
0.7699077995920041
0.7692347106780272
0.7691101874911881
0.7690932602744928
0.76904567521482
0.7692813438977784
0.7692830587429493
0.7698585420357771
0.7695240077690537
0.7697371292818203
0.7696514975495083
0.7694765720247623
0.7694981095820276
0.7696189059993278
0.7696070092324325
0.7692622246838257
0.7419180993575162
0.7474757062898005
0.7324487628385186
0.7460243943701234
0.7584524395388498
0.7592790298671406
0.7619664754564925
0.7612093072885879
0.7629841498623239
0.7648008213695289
0.7649663159303485
0.7660026040135208
0.7650878952494465
0.7664427696031397
0.7663529856984819
0.7668020037918272
0.76691488503362
0.7673641532941171
0.7667567172398337
0.7679427748567411
0.7661599856198408
0.7658500175666261
0.7670390637728743
0.7653276609785346
0.7680089966847031
0.7664552712981202
0.7681041885259685
0.7685682464019712
0.7688224530093569
0.7682426081740826
0.7679598920946001
0.7687544852136415
0.7687367050008864
0.7687490395831144
0.7692403472424039
0.7690015891183344
0.7688487460242192
0.7684506857293008
0.7690985575935927
0.7690997993024943
0.7689123875984247
0.769146096653906
0.7691998785757097
0.7685643143694173
0.7690923442118508
0.7690863339026781
0.7693011828556782
0.7689357419478542
0.7684836433577175
0.7693987600923018
0.7690193394862668
0.7697100091911722
0.7695099927499058
0.7688891560052226
0.7695668152841355
0.7689756865504167
0.7695161261803801
0.7697928360577756
0.7695348831493767
0.7699601735135707
0.7692396731327422
0.7696467093264946
0.7695293215164964
0.7701105187694486
0.7693521038728711
0.7697034955358332
0.7697084338043768
0.769617383639572
0.7695680440329001
0.7695377836645471
0.7696504491474391
0.7691342764613414
0.7699181010755558
0.7700049564455923
0.769852313138378
0.7696314097934855
0.7695784785860276
0.7699679170128972
0.7697122023749212