0.6091081340764877
0.6289402052267656
0.6798704957574968
0.7056302661155036
0.7238208661173329
0.7365620601547639
0.6814729691498878
0.7756091878552125
0.7859159899434671
0.791279490726907
0.7975753722617154
0.8065669401115731
0.8188851750151206
0.8186144132187997
0.8259506243555517
0.8318856087845831
0.8345988803481028
0.835862231724747
0.8394420753262877
0.8432812996641426
0.847312531548869
0.8472396189054406
0.8464139045371191
0.8525520559948689
0.8552974093900769
0.8560043041490322
0.8564696384272823
0.857101908347941
0.8586121246521374
0.8600882313487626
0.8475088900850529
0.862985822368471
0.8647656455767634
0.8633394141094768
0.8666889641439939
0.8673105915985109
0.8673848404253856
0.8705377499151523
0.8707248827425167
0.8706782908986314
0.8712016115097526
0.8693591085403031
0.8642309909070636
0.8732715476736219
0.873870977025259
0.8744132324972759
0.8701807069264514
0.8699206950281071
0.8754058825080063
0.8737779141983026
0.8774400774433124
0.8778472373829802
0.8704396780788953
0.8797400453091078
0.8790677704589392
0.8798621013024995
0.87924492555464
0.881455308699133
0.8675709459358287
0.881796478634232
0.8816566829591073
0.8830579633827453
0.8774470672270687
0.8831050722423359
0.8833403479607014
0.8801105709930849
0.8849764542318964
0.8847499207790935
0.8849225905956883
0.8845505608660231
0.8861143185109227
0.8878015489065367
0.8869888807916619
0.887043939607033
0.8880371200624478
0.8879111159491248
0.888123293822993
0.8879626362284346
0.8888892895201065
0.8890486847906052
0.8894625860779113
0.8878683177919083
0.8896625637240321
0.8894889538788822
0.8904895605598826
0.8906956819640601
0.8902167575586991
0.8895055520973695
0.8910720291105895
0.8904720894577368
0.8912206274816838
0.8916453390973736
0.892372357181898
0.8919574151486918
0.8925506537408443
0.8921804772103304
0.8923022914820937
0.8931670774658598
0.8936598404344502
0.8939166495212173
0.8947840944428964
0.8927800542807403
0.8942559662571646
0.8944647130268071
0.8931793582674835
0.8947766212158832
0.8940021921197326
0.8949880470669075
0.8949260723271668
0.893991630227467
0.8944733948619623
0.8938717295852623
0.8946902527351374
0.8944929944573364
0.8945947458339378
0.8953761512848653
0.8952172327431336
0.8951570507721375
0.8949397900295818
0.8943598394125047
0.894839180116226
0.8956068275778004
0.895549996137154
0.8957291588652689
0.8943938483027307
0.8962410111280177
0.8958788449836914
0.8946564519940913
0.896007521463907
0.8963197788064465
0.8954031233899074
0.8963782082956366
0.8957038922406055
0.8962488335084942
0.895779839833369
0.8933334625201148
0.8958120962417887
0.8962897851810487
0.8949717308569867
0.8964275866527387
0.8942846639860543
0.8823429910927056
0.8950899327333024
0.8961279324073272
0.8941299822873104
0.8965717400316654
0.895013038397494
0.8962424816012575
0.895242002495561
0.8962929879926258
0.8963344835388444
0.8950273604039803
0.8951160050967273
0.8959917491276501
0.8954902841804353
0.8948790373269627
0.8949736041996073
0.8957637854885455
0.8954604382738105
0.8958924619687612
0.8945512090828567
0.5473930503662062
0.6182399004708509
0.6848087679095416
0.6736214209302434
0.7271369779932466
0.7333300875490222
0.7519836381852651
0.7674514119047606
0.7773140572152141
0.7857355514623131
0.795460240867814
0.8007836091464402
0.8099008655286063
0.81478638864973
0.8265514368920626
0.8251550580458904
0.8306407289690467
0.8364145723602625
0.8408309943744261
0.844191690461811
0.8463161415673872
0.8461530331840956
0.8518862673417307
0.851324130265773
0.8533051598717978
0.8496833775677198
0.8551084837939682
0.8578375814096622
0.8564996454816595
0.8496937984557025
0.852324266932496
0.8622658142111717
0.8607185607819039
0.8633443492593911
0.8632896798844216
0.8652770546831934
0.8540845576903111
0.866857296400256
0.867786917496366
0.8598655184405872
0.8692809183079867
0.8525245735886111
0.8545731308173417
0.8697129352884477
0.8722479975813872
0.869626372087501
0.8675922577260712
0.8739923951421311
0.856421562681178
0.8486995101094901
0.8751519740807806
0.8741191982797263
0.8674664684764177
0.8764390208915034
0.8668505483381282
0.8779900881509093
0.8785120658640945
0.8777124775751153
0.8606554848658559
0.8782584058729869
0.8797059222725572
0.8784793528703765
0.8805307839006895
0.8812775291558921
0.8820816765833637
0.8776922199597526
0.8788042670259617
0.8820440754411591
0.8814149344726909
0.8816722001447563
0.8822650962979351
0.883303646560114
0.8836436146015603
0.8831441640012492
0.884336576794431
0.8846604569186054
0.8827975419005307
0.883929020699872
0.8831169636035582
0.8851250526029908
0.8854716881326887
0.8863733299503049
0.8868782125727666
0.8866703924027
0.8856842420179791
0.8868836714528756
0.8872800479221186
0.8875895657528688
0.8875125505562464
0.8882437517678412
0.8877895971149072
0.8881400464747432
0.8881784332122402
0.8895590665801142
0.8875355006819705
0.8887806087901559
0.8894410527095093
0.890261805069958
0.8890407684072732
0.8904776893421296
0.8902107816628845
0.8913101383435997
0.8910512679085008
0.8910813622512438
0.8913525067734764
0.8910410350262296
0.8917257316823048
0.892001280909767
0.8927651548281417
0.8929250939723046
0.8921914755444253
0.8924262409615751
0.8925131533159851
0.8933795239193153
0.8928426333245523
0.8934941134001835
0.8929620370945204
0.8942443300465504
0.8939445549403247
0.8938388890162403
0.8943573281933646
0.893807733784128
0.8944318120273781
0.8936094414749166
0.8942298133198636
0.8936340097926534
0.894365258005676
0.8945552982070716
0.8939864197834756
0.8951561644594996
0.8941320772080905
0.8949287648375284
0.8943355799612931
0.8947194406217736
0.8918417647784541
0.895107027824026
0.8945764085626234
0.8945055236950783
0.8941712495408799
0.8950638133684496
0.8948552277465596
0.8951309716942228
0.8940764140886485
0.8951609048892135
0.8953343200141628
0.8946696929677391
0.8957175495126133
0.8949487874457522
0.8956162010053929
0.8958308766694218
0.8954003435911801
0.8947753118903956
0.8948307870041265
0.8952307892977963
0.8956054443929264
0.8954405969568081
0.8958321524224608
0.893865934980669
0.8953462785202817
0.8946698406865119
0.8947472251800669
0.8949158998753025
0.8955655334662722
0.8947261282534943
0.8956703600791468
0.894591851888886
0.8951418894544415
0.8950199207494155
0.8946433721681957
0.8942223602363195
0.894633105713476
0.8942250124597427
0.6092290351776546
0.6353913660498991
0.661767049831706
0.5709180505532048
0.7287560026026974
0.7523040872052137
0.766389132636055
0.7717128299246757
0.7856321281777817
0.795034381074389
0.8026436503629323
0.80176580469674
0.8166437910717781
0.820107332997582
0.8274200635639251
0.8324168457790362
0.75486602088585
0.8393001511579345
0.8388069450330253
0.8450481303349053
0.8471095659548408
0.8488232648687708
0.8511423891736214
0.8536959968870551
0.8465909454864953
0.7623047152785782
0.7798173263995216
0.7657711780073927
0.8599308705686366
0.8607087173400338
0.8609353112232441
0.8603275693333841
0.8636738695548962
0.8638588134586251
0.8651204459259116
0.8593740580829947
0.8638493594571566
0.8659124401270633
0.865881143890668
0.8681041032743304
0.8684180459537794
0.8681743301218869
0.8698424645088525
0.871107387076082
0.8689215118189186
0.8721396324324515
0.872826927596033
0.8741016734616631
0.8739776904097334
0.8740757555315006
0.8753792595564277
0.8753907950496969
0.8767608866687742
0.8776006276060362
0.8785086817612962
0.8784144371841563
0.8790578800156414
0.8804886974793793
0.880083619031512
0.8805390091505467
0.8815870537011321
0.8818300242246702
0.8823388482525736
0.8830287486381504
0.8831011174079147
0.882351552067047
0.8837246114905626
0.8843052805580354
0.8845625529445904
0.8853322953269448
0.8850392749973368
0.8858092255288711
0.8858306984668658
0.8840520771522259
0.8862608353902165
0.8855143452856218
0.8875548988426543
0.8872388209554872
0.886914618535808
0.8877783369157151
0.8877388490019105
0.8885092158318051
0.8890835665644896
0.8889977688153665
0.8898266658517963
0.8898046154676891
0.8896453142000458
0.8899699194891058
0.8903555729183307
0.8904934482494069
0.8899007333874495
0.8908824790669406
0.8913194714842541
0.890529847497959
0.8912531994711184
0.8919737045006539
0.8912486940485436
0.8928478303395639
0.8921803362060472
0.8931129586790441
0.8919107830178684
0.8917258122561809
0.8922067040070181
0.8919823393343818
0.8937892622230201
0.8944303684120968
0.8939569834607214
0.8939188250158735
0.8939624624842997
0.8930907068602465
0.8947408665583405
0.8941154252736856
0.892862219490947
0.8952442854220519
0.8946146744393062
0.8946844782740131
0.894249090619733
0.8954356685213832
0.8952328170736795
0.8949249510073903
0.8953295460120007
0.8960299210014775
0.8955744704520354
0.8948552881769668
0.8938676538900268
0.8965644480958734
0.8954492720774737
0.8957062020250551
0.8940070802682192
0.8958336631826388
0.896228589322111
0.8956649213425064
0.8948501918793
0.8963369410420671
0.8958992503178271
0.8958757630329285
0.8957752605514075
0.8960953067019752
0.8966767747937197
0.8950106681826373
0.8953443984631715
0.8962870725272183
0.8952106458287582
0.8950859913278605
0.8966296323616809
0.8953942602635305
0.8962253932250235
0.8956992995296648
0.8956484977007506
0.8955200293697151
0.8957452400680511
0.8965318358195006
0.8957473685612796
0.8946969403668579
0.5944437624761094
0.6096684112388042
0.6571218920121248
0.7243206860145761
0.7458092083397776
0.7628404039796888
0.7727449745637003
0.782425663918332
0.7875208939811221
0.7413558499178878
0.8062491701730068
0.8086520510221179
0.8166739525594178
0.8235358655741978
0.8296932003289617
0.7909273828881203
0.8323388905538585
0.8382440425052443
0.8341730944140644
0.844085722385691
0.8476820299159252
0.8506418373970028
0.8531352161380128
0.8544435613099987
0.8569268683164892
0.8577945751032658
0.8589523411297019
0.8603328200643132
0.8604054506991751
0.8622914568472573
0.8644261744075534
0.8630436811260382
0.8662950317489944
0.8661637567612728
0.8676047802493234
0.8686994569307318
0.8673014330345883
0.8697226041535862
0.8705302364012011
0.8686058770880702
0.8703641132120437
0.8700463298444978
0.871840005044999
0.8737815333082399
0.8342709983880794
0.8532001989691298
0.8754983007439534
0.8759920171700781
0.877110939873719
0.8776334547460786
0.877288195686765
0.8749323498378577
0.878227156638019
0.8785442819855762
0.8769324418800823
0.8796234817682738
0.8799259896717988
0.8784562818838382
0.8808824015817297
0.8811570040661473
0.8807909099453584
0.8815890814770152
0.8813360056465098
0.8835011599885225
0.8835937930881392
0.8832246573035256
0.8818637242483709
0.8838860613949033
0.8845293430786363
0.8849976854482626
0.8849833432983076
0.8857305384243185
0.8857051375098614
0.8851380988564379
0.8861852638088752
0.885056464090916
0.8870225270994454
0.8872190266399124
0.8881538581800137
0.8883060756610452
0.8885772537557263
0.8885559016785459
0.8887326337613969
0.888772799838659
0.8894210636737339
0.8896447568974024
0.8897903203191617
0.8890515518776984
0.8888059962756336
0.8904258534818048
0.8895574953895291
0.8908775103445777
0.8913213918283024
0.8910338438077828
0.8918556436286214
0.8916285528731751
0.8915596823525337
0.8917796154619819
0.8922488777166944
0.8922634414448088
0.8928481593495582
0.8919758531373514
0.8933276947734802
0.8929889621981348
0.8934370939538262
0.8929913458419712
0.8937021081469817
0.8937249172684226
0.8939014479165831
0.8924687436812456
0.8935956163406669
0.8936957092383173
0.8942936211152868
0.8940706866289518
0.8941040979295964
0.8942965620617662
0.8940920991365395
0.8946428417235112
0.8944346186840639
0.8950363242477021
0.8947039905810212
0.894956750830512
0.894337909889212
0.8940492204054469
0.895750745949588
0.8951535458085248
0.8957106335882437
0.8958127274038185
0.895349998347564
0.8948708657930229
0.8954968106644038
0.895020854063481
0.8949349958839505
0.8952787777555349
0.8955690250009054
0.8950608657074802
0.8954920970926489
0.8961240044308649
0.8950522308737527
0.8956196119661499
0.8962923702595754
0.8950931825463071
0.8961322565386809
0.8963566950707038
0.8954131951244264
0.8946021317725852
0.8953411620791459
0.895427946858252
0.895479883435922
0.895174609162649
0.8965989404293565
0.8936959979613734
0.8954162233592717
0.895424388178722
0.8963121780041295
0.8955883560166924
0.8955515270408009
0.8959018353963536
0.8952728220031894
0.8951275741624449
0.8956866091441706
0.8952317024683928
0.8953520059799782
0.8965997193101591
0.8951624156493914
0.8953762184297621
0.8946465414073246
0.8951129298604542
0.8950785583877854
0.8954239517368927
0.8951542978313689
0.8928999213504966
0.8955552670115524
0.8941249195620922
0.8957665921452316
0.8954830392460713
0.8950506126817399
0.8954943263032222
0.8945052484010014
0.5978047875734886
0.6188976250218842
0.6449248670762693
0.7059090114400535
0.7254691054713784
0.7257299566809327
0.7388138918440477
0.6772262021464532
0.7650942030144487
0.7766133465012532
0.7870610320119606
0.7888549623630696
0.8044944524416254
0.8136534058047005
0.8109228511447459
0.8227048937604571
0.8265037573008492
0.8314582650889388
0.8340320834163075
0.8389265368087049
0.8387749236317443
0.8321060656242261
0.8479206897370891
0.8474790374639384
0.8479486891590522
0.8408820647829273
0.8458349812369628
0.851562138781438
0.8525516799834469
0.8504572695046961
0.857721884037997
0.8559742702366964
0.85903091408793
0.8581484018514104
0.8605657927127186
0.8610919871254227
0.8615086144955386
0.861278992377483
0.8626062119799576
0.8638697983637408
0.8649668721179647
0.867381355605242
0.8669697976748341
0.8682171148501239
0.8666529946227814
0.8697600105755898
0.8689626783551428
0.8680387981477087
0.8705962129767907
0.8702981634944127
0.8713006972339512
0.8727062682164944
0.8701854070692269
0.8746568341828439
0.875164093734652
0.8741044666893697
0.8754414021584104
0.8745877890854707
0.8772027336621258
0.8776365165533724
0.8773589664079855
0.8778708522431827
0.8778977773467971
0.8790007061360217
0.8795888484305077
0.8795090332916887
0.8802323449779103
0.8797821518738871
0.8759372135053151
0.8801722502952797
0.8812128887637487
0.8822408771336616
0.8821398643509251
0.8796610761959887
0.8807334003412546
0.8824290507069263
0.8830283860557078
0.881968960445116
0.884350670508268
0.884212701174336
0.8837324070130804
0.8847514785406992
0.884674329054283
0.8844153780453082
0.8845146920621558
0.8829346652087631
0.8851758745753739
0.8856286729013926
0.8837257596682978
0.8820930912158187
0.8865742811974294
0.8868834431602266
0.8868597611551277
0.8865688961767065
0.8879293659320733
0.8876464106224945
0.8868890027576811
0.8879469511805437
0.8877303484579766
0.8887573565123963
0.8871984803014935
0.8877421659598121
0.8877362034929769
0.8891711302243984
0.888247840892056
0.8887342989548372
0.8880483265457229
0.8899064205602079
0.8893933462603374
0.8903800270897428
0.8898624742252563
0.8902414803096985
0.8898495421181338
0.8891873860039121
0.8901564144399506
0.8903862984231035
0.890406032308271
0.8899057759691986
0.8914799679310601
0.890689719497225
0.8912540723547768
0.8921703450454043
0.8914668679616957
0.891205311730725
0.8924818705085689
0.8920452608171671
0.8926358068989583
0.8917529925104031
0.8932808477789871
0.8923010224435444
0.8923342994543955
0.8931977559692048
0.8936577320846907
0.892846823166112
0.8933422987885327
0.8939399152279562
0.89383952689276
0.8937087622062538
0.8940720160979085
0.8940117065516083
0.8938263866364574
0.8935938504298812
0.8929305595669035
0.8934933613773397
0.8933966660114667
0.8951664644866679
0.8960380522484792
0.8945291922711981
0.8955052910648686
0.8940348849699814
0.8940406594311057
0.8947612987504349
0.8938559438200259
0.8940583185389626
0.8948300148378137
0.8949105887139662
0.8950092178528666
0.8941538187256723
0.8929077571599524
0.8953538726081092
0.8951964178251276
0.8935839196996453